13 11 13 6 4 4 4 16 11 11 11 0 13 11 13 4 4 4 1 4 16 13 13 13 0 6 9 9 6 9 6 11
13 0 6 9 6 9 9 6 9 11 11 9 0 6 9 9 6 9 9 6 9 6 13 4 8 8 11 6 4 6 9 9
6 9 6 11 13 0 6 9 6 9 9 6 9 6 11 9 0 6 9 6 9 9 6 9 6 11 13 6 16 16 9 13
13 11 0 13 11 13 6 4 4 4 16 11 11 11 0 13 11 13 4 4 4 1 4 16 13 13 13 0 13 16 13 9
6 9 9 0 13 16 13 9 6 9 11 0 9 11 9 14 13 13 11 11 9 11 9 13 13 11 13 13 6 4 4 4
4 16 11 11 11 0 13 11 13 4 4 4 1 4 16 13 13 13 0 13 16 13 9 6 9 9 0 13 16 13 9 6
9 9 6 16 11 11 9 6 9 9 6 9 6 11 13 0 6 9 6 9 9 6 9 6 11 9 0 6 9 6 9 9
6 9 6 11 13 0 6 16 9 9 11 9 13 13 11 13 11 13 6 4 4 4 16 11 11 11 0 13 11 13 4 4
4 1 4 16 13 13 13 0 13 16 13 9 6 9 9 0 13 16 13 9 6 9 11 0 9 11 9 14 13 13 11 11
9 11 9 13 13 11 13 13 6 4 4 4 4 16 11 11 11 0 13 11 13 4 4 4 1 4 16 13 13 13 0 13
16 13 9 6 9 9 0 13 16 13 9 6 9 9 6 16 11 13 11 13 13 11 13 6 4 4 4 16 11 11 11 0
13 11 13 4 4 4 1 4 16 13 13 13 0 13 16 13 9 6 9 9 0 13 16 13 9 6 9 11 0 9 11 9
14 13 13 11 11 9 11 9 13 13 11 13 13 11 13 6 4 4 4 16 11 11 11 0 13 11 13 4 4 4 1 4
16 13 13 13 0 13 16 13 9 6 9 9 0 13 16 13 9 6 9 11 0 9 11 9 14 13 13 11 11 9 11 9
13 13 11 13 13 6 4 4 4 4 16 11 11 11 0 13 11 13 4 4 4 1 4 16 13 13 13 0 13 11 13 6
4 4 4 16 11 11 11 0 13 11 13 4 4 4 1 4 16 13 13 13 0 13 16 13 9 6 9 9 0 13 16 13
8 16 16 16 16 0 18 15 13 11 9 6 8 8 9 9 11 13 6 6 8 9 0 13 13 15 13 15 0 8 16 16
16 16 0 18 15 13 11 9 6 8 8 9 9 11 13 16 15 13 16 8 9 0 9 8 15 15 8 15 16 16 0 13
13 11 9 0 8 6 9 18 16 16 15 15 16 8 9 0 9 8 15 15 8 15 16 16 0 20 20 20 21 13 0 13
12 13 0 21 0 11 9 6 9 8 8 0 6 6 6 8 8 9 8 6 3 4 3 4 8 8 0 1 4 8 9 0
9 11 13 11 11 9 9 9 8 8 0 9 9 11 13 6 6 8 9 0 13 15 13 15 0 8 16 16 16 16 0 18
15 13 11 9 6 8 8 9 9 11 13 6 6 8 9 0 13 13 15 13 15 0 8 16 16 16 16 0 18 15 13 11
9 6 8 8 9 9 11 13 16 15 13 16 8 9 0 9 8 15 15 8 15 16 16 0 13 13 11 9 0 8 6 9
18 16 16 15 15 0 16 8 9 0 9 8 15 15 8 15 16 16 0 20 20 20 21 13 0 13 12 13 0 21 0 11
9 6 9 8 8 0 6 6 6 8 8 9 8 6 3 4 3 4 8 8 0 1 4 8 9 0 9 11 13 13 11 9
9 8 8 0 9 9 11 13 6 6 8 9 0 13 15 13 15 0 8 16 16 16 16 0 18 15 13 11 9 6 8 8
9 9 11 13 6 6 8 9 0 13 13 15 13 15 0 8 16 16 16 16 0 18 15 13 11 9 6 8 8 9 9 11
13 16 15 13 0 16 16 16 16 16 16 16 0 18 15 13 11 9 6 8 8 9 9 11 13 6 6 8 9 0 13 13
15 13 15 0 16 16 16 16 16 16 0 18 15 13 11 9 6 8 8 9 9 11 13 16 15 13 0 9 9 11 13 16
4 14 13 1 11 8 9 0 9 18 16 13 11 9 11 0 4 14 13 0 16 9 9 11 9 0 4 4 6 14 14 16
13 11 0 4 14 13 1 11 11 9 0 9 18 16 13 11 9 11 0 4 14 13 14 16 9 11 9 0 6 8 9 13
6 11 9 0 13 16 13 16 13 11 13 16 13 11 9 0 18 18 16 13 16 13 11 0 9 11 9 11 9 6 18 16
11 13 13 11 11 9 9 6 11 0 13 16 13 16 13 11 13 16 13 11 9 0 18 18 16 16 13 9 11 0 9 11
9 11 9 6 0 18 16 11 13 0 13 11 9 9 6 0 9 11 13 16 13 11 9 0 13 6 11 9 4 14 13 0
1 11 11 9 0 9 18 16 13 11 9 11 0 4 14 13 14 16 9 11 9 0 6 8 9 13 6 11 9 0 13 16
13 16 13 11 13 16 13 11 9 0 18 18 16 13 16 13 11 0 9 11 9 11 9 6 18 16 11 13 13 11 11 9
9 6 11 0 13 16 13 16 13 11 13 16 13 11 9 0 18 18 16 16 13 9 11 0 9 11 9 11 9 6 0 18
5 8 10 13 15 13 8 6 5 8 13 0 13 12 10 13 12 8 8 0 5 8 10 13 15 13 8 6 5 8 12 13
0 13 12 10 13 12 8 8 8 10 0 10 12 13 12 10 12 13 0 12 10 12 13 12 8 10 8 1 1 10 8 1
3 8 5 0 10 12 13 12 10 12 13 0 12 10 12 13 15 17 18 18 13 13 17 15 13 13 0 17 20 17 15 13
10 13 15 0 17 20 17 15 13 8 13 13 0 17 20 17 15 0 17 20 20 22 20 18 17 0 17 20 17 15 13 10
13 15 0 17 20 17 15 13 10 13 13 0 13 12 10 12 10 10 15 12 10 12 12 13 0 13 15 17 15 13 13 10
12 13 12 10 8 5 8 10 12 13 12 8 8 8 5 5 8 8 10 12 13 12 13 15 17 15 13 12 8 8 0 13
15 17 15 13 13 10 12 13 12 10 8 8 8 10 10 12 13 12 8 8 10 8 0 10 8 10 13 15 17 15 13 13
0 22 20 18 17 15 17 18 17 15 13 15 17 18 17 15 13 10 12 13 12 10 8 8 10 13 12 8 5 10 22 20
18 17 15 17 18 17 15 17 0 18 17 15 13 13 0 17 20 17 15 13 10 13 15 0 17 20 17 15 13 10 13 13
0 17 20 17 15 0 17 20 20 22 20 18 17 0 17 17 20 17 15 13 10 13 15 0 17 20 17 15 13 10 13 13
0 13 12 10 12 10 15 12 8 5 12 13 0 20 17 15 13 15 15 20 17 15 13 15 15 20 17 15 13 15 15 20
17 15 13 15 15 20 17 15 13 15 15 20 17 15 13 15 15 22 20 18 18 20 20 22 20 18 18 20 20 20 17 15
13 15 15 20 17 15 13 15 15 20 17 15 13 15 15 20 17 15 13 15 15 20 17 15 13 15 15 13 15 17 18 15
15 5 8 10 13 15 13 8 6 5 8 13 0 13 12 10 13 12 8 8 0 5 8 10 13 15 13 8 6 5 8 12
13 0 13 12 10 13 12 8 8 10 0 17 20 17 15 13 10 13 15 0 17 20 17 15 13 8 13 13 0 17 20 17
15 0 17 20 20 22 20 18 17 0 17 20 17 15 13 10 13 15 0 17 20 17 15 13 10 13 13 0 13 12 10 12
10 10 15 12 10 12 12 13 0 10 10 12 13 15 17 13 13 17 15 13 15 20 17 17 13 8 10 8 6 8 0 10
10 12 13 15 17 13 13 17 15 13 15 20 17 22 17 15 13 15 17 15 13 13 10 10 12 13 15 17 13 13 17 15
13 15 20 17 17 13 8 10 8 6 8 0 10 10 12 13 15 17 13 13 17 15 13 15 20 17 22 17 15 13 15 17
1 3 6 10 8 10 8 6 3 6 8 6 1 1 3 6 10 10 6 15 13 13 11 11 10 6 8 0 11 10 6 10
13 10 6 8 13 10 6 8 6 3 0 6 3 1 10 8 8 8 8 10 8 6 8 6 0 13 10 8 10 6 8 0
13 10 8 10 3 6 8 6 0 1 3 6 10 8 0 10 8 6 8 6 0 15 13 13 13 15 13 13 13 15 13 13
10 10 0 8 6 6 6 8 6 6 1 10 10 10 6 8 0 15 13 13 13 15 13 13 13 15 13 13 10 10 0 8
6 6 3 1 3 6 10 8 8 8 10 6 0 1 3 6 10 8 10 8 6 3 6 8 6 1 1 3 6 10 10 6
15 13 13 11 11 10 6 8 0 11 10 6 10 13 10 6 8 13 10 6 8 6 3 0 6 3 1 10 8 8 8 8
8 10 8 6 8 6 0 13 10 8 10 6 8 0 13 10 8 10 3 6 8 6 0 1 3 6 10 8 0 10 8 6
8 6 0 15 13 13 13 15 13 13 13 15 13 13 10 10 0 8 6 6 6 8 6 6 1 10 10 10 6 8 0 15
9 8 9 8 9 4 1 4 8 6 0 9 8 9 8 9 8 9 13 13 0 6 9 6 9 13 11 0 4 8 4 8
11 9 13 11 9 11 9 5 4 9 8 6 4 0 9 8 9 8 9 4 1 4 8 9 0 9 8 9 8 9 8 9
13 16 0 16 14 13 14 13 11 0 14 13 11 13 11 9 13 11 13 14 13 9 11 0 4 6 9 0 13 13 11 9
13 11 9 13 11 9 9 0 9 6 9 11 13 13 0 4 6 9 0 9 6 9 11 13 13 4 0 4 6 9 0 9
6 9 11 13 11 11 9 11 0 13 13 11 9 13 11 9 13 11 9 9 0 9 6 9 11 13 13 0 4 6 9 0
9 6 9 11 13 13 4 0 4 6 9 0 9 6 9 11 13 11 11 9 11 9 9 8 9 8 9 4 1 4 8 9
0 9 8 9 8 9 8 9 13 16 18 16 21 20 18 16 0 16 14 13 14 16 11 0 14 13 11 13 11 9 13 11
13 14 16 9 13 14 13 11 0 4 6 9 0 13 13 11 9 13 11 9 13 11 9 9 0 9 6 9 11 13 13 0
4 6 9 0 9 6 9 11 13 13 4 0 4 6 9 0 9 6 9 11 13 13 11 9 11 0 13 13 11 9 13 11
9 13 11 9 9 0 9 6 9 11 13 13 0 4 6 9 0 9 6 9 11 13 13 4 0 4 6 9 0 9 6 9
11 13 11 11 9 11 9 0 4 0 6 9 0 13 13 11 9 13 11 9 13 16 11 9 0 9 6 9 11 13 13 0
4 6 9 0 9 6 9 11 13 13 4 4 6 9 0 9 6 9 11 13 13 16 9 11 0 13 13 11 9 13 11 9
13 11 9 9 0 9 6 9 11 13 13 16 11 9 0 9 6 9 11 13 13 4 0 4 6 9 0 9 6 9 11 13
3 3 1 3 6 3 3 1 3 8 3 3 1 3 11 10 11 10 6 3 1 3 3 1 3 6 3 3 1 3 8 3
3 1 3 11 11 10 10 8 15 15 8 13 10 6 3 6 8 6 8 6 8 6 8 11 10 0 11 13 14 13 11 18
13 13 11 13 14 13 11 9 6 11 13 14 13 11 18 13 11 9 9 7 11 11 14 14 16 16 11 13 14 13 11 18
13 13 11 13 14 13 11 9 6 11 13 14 13 11 18 13 11 9 9 7 14 14 0 13 16 14 3 3 1 3 6 3
3 1 3 8 3 3 1 3 11 10 11 10 6 3 1 3 3 1 3 6 3 3 1 3 8 3 3 1 3 11 11 10
10 8 15 15 8 13 10 6 3 6 8 6 8 6 8 6 8 11 10 0 11 13 14 13 11 18 13 13 11 13 14 13
11 9 6 11 13 14 13 11 18 13 11 9 9 7 11 11 14 14 16 16 11 13 14 13 11 18 13 13 11 13 14 13
11 9 6 11 13 14 13 11 18 13 11 9 9 7 14 14 0 13 16 14 11 13 14 13 11 18 13 11 13 14 13 11
9 6 11 13 14 13 11 18 13 11 9 9 7 11 11 14 14 16 16 11 13 14 13 11 18 13 13 11 13 14 13 11
8 8 6 5 5 3 1 5 6 6 0 6 6 5 5 3 3 1 3 5 5 0 8 8 6 5 5 3 1 5 6 6
0 6 6 5 5 3 3 5 3 1 1 5 8 13 12 13 12 5 8 8 8 10 1 8 8 5 5 8 8 6 5 6
8 6 5 6 6 5 6 10 8 8 10 13 10 17 17 10 15 15 15 13 12 13 15 17 15 8 13 13 12 10 12 13
6 6 13 13 15 13 8 8 8 18 17 15 17 8 10 13 10 17 17 10 15 15 15 13 12 13 15 17 15 8 13 13
12 10 12 13 6 6 13 13 15 13 8 8 8 10 12 13 13 12 13 8 8 6 5 5 3 1 5 6 6 0 6 6
5 5 3 3 1 3 5 5 0 8 8 6 5 5 3 1 5 6 6 0 6 6 5 5 3 3 5 3 1 1 5 8
13 12 13 12 5 8 8 8 10 1 8 8 5 5 8 8 6 5 6 8 6 5 6 6 5 6 10 8 8 10 13 10
17 17 10 15 15 15 13 12 13 15 17 15 8 13 13 12 10 12 13 6 6 13 13 15 13 8 8 8 18 17 15 17
8 10 13 10 17 17 10 15 15 15 13 12 13 15 17 15 8 13 13 12 10 12 13 6 6 13 13 15 13 8 8 8
10 12 13 13 12 13 8 10 13 10 17 17 10 15 15 15 13 12 13 15 17 15 8 13 13 12 10 12 13 6 6 13
13 15 13 8 8 8 18 17 15 17 8 10 13 10 17 17 10 15 15 15 13 12 13 15 17 15 8 13 5 13 12 10
1 10 10 10 8 6 5 6 3 0 1 10 10 10 8 6 5 1 10 0 10 8 6 8 6 1 3 5 6 0 3 10
8 6 8 8 6 8 6 0 6 10 13 15 0 18 17 13 10 0 10 13 10 6 0 8 6 5 6 3 0 3 6 10
15 0 17 18 20 18 17 13 13 11 10 11 10 6 6 1 10 10 10 8 6 5 6 3 0 1 10 10 10 8 8 8
8 10 13 10 0 10 13 10 8 0 6 6 8 10 8 10 0 3 10 8 6 8 8 6 8 6 0 6 10 13 15 0
18 17 13 10 0 10 13 10 6 0 8 6 5 6 3 0 3 6 10 15 0 17 18 20 18 17 13 13 11 10 11 10
6 6 6 10 13 15 0 18 17 13 10 0 10 13 10 6 0 8 6 5 6 3 0 3 6 10 15 0 17 18 20 18
1 10 10 8 10 10 8 10 10 8 10 5 0 1 10 10 8 10 10 8 10 10 8 10 5 0 10 13 10 13 6 6
10 8 8 0 10 13 10 13 5 5 1 6 0 10 13 10 13 6 6 3 8 6 8 6 8 10 0 10 13 10 13 6
6 8 8 0 17 17 17 17 13 13 8 10 0 10 13 10 13 6 6 1 8 6 8 6 5 3 0 6 8 10 6 8
10 0 6 13 13 13 10 8 6 6 3 5 6 0 3 10 10 10 5 3 1 6 3 5 6 0 1 15 13 13 10 6
0 8 10 3 10 10 10 10 8 6 10 6 8 10 6 8 10 0 6 13 13 13 10 8 6 6 3 5 6 0 3 10
10 8 10 13 6 6 3 5 6 0 1 15 13 17 18 0 13 10 6 3 10 3 5 6 1 10 10 8 10 10 8 10
10 8 10 5 0 1 10 10 8 10 10 8 10 10 8 10 5 0 10 13 10 13 6 6 8 8 0 17 17 17 17 13
13 8 10 0 10 13 10 13 6 6 1 8 6 8 6 5 3 0 6 8 10 6 8 10 0 6 13 13 13 10 8 6
6 3 5 6 0 3 10 10 10 5 3 1 6 3 5 6 0 1 15 13 13 10 6 0 8 10 3 10 10 10 10 8
6 10 6 8 10 6 8 10 0 6 13 13 13 10 8 6 6 3 5 6 0 3 10 10 8 10 13 6 6 3 5 6
1 10 8 10 13 8 1 1 3 6 6 3 1 0 6 10 8 10 15 13 10 0 10 10 11 10 8 6 10 8 0 1
10 8 10 13 8 0 1 1 3 6 6 3 1 0 6 8 10 8 10 15 13 10 0 10 10 11 10 8 6 6 0 3
6 13 11 10 8 8 6 5 6 3 6 13 0 15 13 11 10 8 10 0 3 3 15 17 18 17 15 12 13 0 15 16
15 13 11 10 6 6 0 3 6 15 14 15 17 10 10 18 17 18 17 18 17 15 13 15 22 22 0 17 18 20 17 15
15 13 13 0 10 11 13 13 11 11 15 13 10 8 6 3 6 13 11 11 15 15 14 15 17 18 17 18 17 18 17 15
13 15 22 22 0 17 18 20 17 15 15 13 13 20 18 10 11 13 13 11 11 13 10 8 6 1 10 8 10 13 8 1
1 3 6 6 3 1 0 6 8 10 8 10 15 13 10 0 10 10 11 10 8 6 10 8 0 1 10 8 10 13 8 0
1 1 3 6 6 3 1 0 6 8 10 8 10 15 13 10 0 10 10 11 10 8 6 6 0 3 6 13 11 10 8 8
6 5 6 3 6 13 0 15 13 11 10 8 10 0 3 3 15 17 18 17 15 12 13 0 15 16 15 13 11 10 6 6
0 3 6 15 14 15 17 10 10 18 17 18 17 18 17 15 13 15 22 22 0 17 18 20 17 15 15 13 13 0 10 11
13 13 11 11 15 13 10 8 6 3 6 13 11 11 15 15 14 15 17 18 17 18 17 18 17 15 13 15 22 22 0 17
18 20 17 15 15 13 13 20 18 10 11 13 13 11 11 13 10 8 6 0 6 15 15 15 18 17 18 20 17 13 13 10
13 15 0 10 11 10 6 8 11 10 8 6 8 6 8 13 10 6 6 15 15 15 18 17 18 20 17 13 13 20 17 18
15 17 18 18 18 17 18 0 15 17 18 18 20 20 0 10 10 18 17 18 17 18 17 15 13 15 22 22 0 17 18 20
17 15 15 13 13 0 10 11 13 13 11 11 15 13 10 8 6 3 6 13 11 11 15 15 14 15 17 18 17 18 17 18
17 15 13 15 22 22 0 17 18 20 17 15 15 13 13 0 10 11 13 13 11 11 15 13 10 8 6 3 6 13 11 11
15 15 14 15 17 18 17 18 17 18 17 15 13 15 22 22 0 17 18 20 17 15 15 13 13 20 18 10 11 13 13 11
3 10 5 1 3 6 5 1 3 6 5 1 10 10 15 13 6 5 3 3 10 5 1 3 6 5 1 3 11 15 13 8
10 15 15 0 6 6 6 8 10 11 3 10 10 8 10 7 3 11 15 13 8 10 10 15 15 0 15 15 15 15 17 18
18 15 17 18 17 15 18 20 18 15 15 15 13 15 15 15 18 20 18 15 15 15 13 13 22 22 22 23 22 20 17 17
18 20 20 18 17 18 15 0 15 18 20 18 15 15 15 13 13 15 15 3 10 5 1 3 6 5 1 3 6 5 1 1
10 10 15 13 6 5 3 3 10 5 1 3 6 5 1 3 11 15 13 8 10 15 15 0 6 6 6 8 10 11 3 10
10 8 10 7 3 11 15 13 8 10 10 15 15 0 15 15 15 15 17 18 18 15 17 18 17 15 18 20 18 15 15 15
13 15 15 15 18 20 18 15 15 15 13 13 22 22 22 23 22 20 17 17 18 20 20 18 17 18 15 0 15 18 20 18
15 15 15 13 13 15 15 15 18 20 18 15 15 15 13 15 15 15 18 20 18 15 15 15 13 13 22 22 22 23 22 20
11 11 11 11 9 8 4 6 8 6 6 8 9 8 8 9 8 6 4 6 1 1 3 4 3 1 8 6 6 11 6 8
9 8 0 11 11 11 11 9 8 4 6 8 6 6 8 9 8 8 9 8 6 4 6 1 1 3 4 3 1 8 6 6
11 6 6 6 8 9 8 16 15 16 15 8 16 15 16 15 6 6 0 8 16 15 13 13 11 13 15 13 11 8 8 8
11 13 11 13 8 11 13 15 16 15 13 20 18 18 16 15 16 15 8 16 15 16 15 6 6 8 16 15 13 13 11 13
15 13 11 8 8 8 11 13 11 13 8 11 13 15 16 15 13 20 18 18 16 15 13 11 13 11 11 11 11 9 8 4
6 8 6 6 8 9 8 8 9 8 6 4 6 1 1 3 4 3 1 8 6 6 11 6 6 6 8 9 8 16 15 16
15 8 16 15 16 15 6 6 0 8 16 15 13 13 11 13 15 13 11 8 8 8 11 13 11 13 8 11 13 15 16 15
13 20 18 18 16 15 16 15 8 16 15 16 15 6 6 8 16 15 13 13 11 13 15 13 11 8 8 8 11 13 11 13
8 11 13 15 16 15 13 20 18 18 16 15 13 11 13 16 15 16 15 8 16 15 16 15 6 6 0 8 16 15 13 13
11 13 15 13 11 8 8 8 11 13 11 13 8 11 13 15 16 15 13 20 18 18 16 15 16 15 8 16 15 16 15 6
6 8 16 15 13 13 11 13 15 13 11 8 8 8 11 13 11 13 8 11 13 15 16 15 13 20 18 18 16 15 13 11
6 8 8 0 6 8 6 1 6 8 8 0 6 8 0 4 9 8 4 0 13 14 14 0 4 6 4 3 4 11 13 13
0 2 2 9 8 8 0 2 9 8 8 0 1 8 6 8 9 0 9 11 9 11 13 13 0 13 18 18 13 11 0 11
16 16 11 9 0 9 8 9 11 14 14 13 0 13 11 9 11 13 13 0 13 0 13 18 18 13 11 0 13 18 20 13
11 13 11 9 0 6 11 13 8 9 8 9 8 6 0 6 8 8 0 6 8 6 1 6 8 8 0 6 8 8 0 4
9 8 4 0 13 14 14 0 4 6 4 3 4 11 13 13 0 2 2 9 8 8 0 2 9 8 8 0 1 8 6 8
9 0 11 9 11 13 13 0 13 18 18 13 11 0 11 16 16 11 9 0 9 8 9 11 14 14 13 0 13 11 9 11
13 13 0 13 0 13 18 18 13 11 11 0 13 18 20 13 11 11 13 11 9 0 6 11 13 8 9 8 9 8 6 0
13 0 13 18 18 13 11 0 11 16 16 11 9 0 9 8 9 11 14 14 13 0 13 11 9 11 13 13 0 13 0 13
8 5 5 3 5 3 5 8 8 5 5 3 5 3 5 8 13 10 10 8 10 8 8 1 5 1 13 10 10 10 10 10
8 10 8 5 8 1 13 10 10 10 10 8 5 8 0 1 10 10 10 8 10 8 10 12 10 12 12 13 12 10 8 8
13 15 15 5 8 13 15 17 8 10 0 10 13 10 12 10 10 8 18 17 0 17 18 17 15 15 13 15 12 10 8 8
10 13 13 13 17 15 5 8 13 15 17 8 10 0 10 13 10 12 10 10 8 18 17 0 17 18 17 15 15 13 15 12
10 8 8 10 13 13 17 15 8 13 12 13 8 5 5 3 5 3 5 8 8 5 5 3 5 3 5 8 13 10 10 8
10 8 8 1 5 1 13 10 10 10 10 10 8 10 8 5 8 1 13 10 10 10 10 8 5 8 0 1 10 10 10 8
10 8 10 12 10 12 12 13 12 10 8 8 13 15 15 5 8 13 15 17 8 10 0 10 13 10 12 10 10 8 18 17
0 17 18 17 15 15 13 15 12 10 8 8 10 13 13 13 17 15 5 8 13 15 17 8 10 0 10 13 10 12 10 10
8 18 17 0 17 18 17 15 15 13 15 12 10 8 8 10 13 13 17 15 8 13 12 13 0 10 10 10 13 12 13 12
8 8 17 17 17 20 15 17 13 0 10 10 10 13 12 13 12 8 8 18 17 18 17 13 13 18 17 18 17 13 5 8
13 15 17 8 10 0 10 13 10 12 10 10 8 18 17 0 17 18 17 15 15 13 15 12 10 8 8 10 13 13 13 17
15 5 8 13 15 17 8 10 0 10 13 10 12 10 10 8 18 17 0 17 18 17 15 15 13 15 12 10 8 8 10 13
12 13 12 8 5 0 12 12 8 5 8 12 10 8 0 8 8 1 1 1 0 8 8 6 6 6 1 8 6 12 13 12
8 5 0 15 15 12 8 12 15 12 8 17 17 15 13 10 17 15 13 10 8 10 10 9 10 12 17 13 13 13 10 13
15 12 8 8 5 10 12 8 15 13 10 10 8 13 10 10 8 8 15 13 15 18 17 13 15 13 10 10 13 10 13 15
12 8 8 5 10 12 0 10 15 13 10 10 13 13 10 10 20 17 15 8 10 13 15 15 15 13 15 13 17 12 12 12
12 12 10 13 13 12 8 6 0 17 15 10 17 15 10 17 15 8 10 13 15 15 15 13 15 13 17 20 20 18 18 13
20 18 13 15 17 20 20 20 15 17 17 8 6 17 15 15 13 13 12 13 12 8 5 0 15 15 12 8 12 15 12 8
17 17 15 13 10 17 15 13 10 8 10 10 9 10 12 17 13 13 13 10 13 15 12 8 8 5 10 12 10 17 15 13
10 8 13 10 10 8 8 15 13 15 18 17 13 15 13 10 10 13 10 13 15 12 8 8 5 10 12 10 15 13 10 10
13 13 10 10 20 17 15 8 10 13 15 15 15 13 15 13 17 12 12 12 12 12 10 13 13 12 8 6 0 17 15 10
17 15 10 17 15 8 10 13 15 15 15 13 15 13 17 20 20 18 18 13 20 18 13 15 17 20 20 20 15 17 17 8
6 17 15 15 13 13 8 10 13 15 15 15 13 15 13 17 12 12 12 12 12 10 13 13 12 8 6 0 17 15 10 17
15 10 17 15 8 10 13 15 15 15 13 15 13 17 20 20 18 18 13 20 18 13 15 17 20 20 20 15 17 17 8 6
10 6 10 10 6 10 8 10 8 6 3 0 13 13 15 13 15 13 0 8 8 13 13 10 0 10 10 10 3 10 8 10
8 6 3 0 8 8 10 8 6 8 6 0 1 8 6 6 8 6 0 13 13 18 0 18 18 20 15 0 15 15 22 17
17 15 15 13 15 0 15 13 15 13 18 18 18 20 20 20 22 0 13 10 0 13 13 18 18 15 15 20 20 15 15 15
22 17 17 15 13 15 0 15 13 15 13 18 15 15 0 8 8 6 0 10 10 10 10 10 8 10 8 6 3 0 13 15
13 15 15 13 0 13 13 15 10 0 10 10 10 10 10 8 10 8 6 6 3 6 0 6 6 8 6 0 1 1 8 3
6 13 13 18 0 18 18 20 15 0 15 15 22 17 17 15 15 13 15 15 13 15 13 18 18 18 20 20 20 22 0 13
10 0 13 13 18 18 15 15 20 20 15 15 15 22 17 17 15 13 15 0 15 13 15 13 18 15 15 0 8 8 6 0
13 13 18 0 18 18 20 15 0 15 15 22 17 17 15 15 13 15 15 13 15 13 15 13 18 0 18 20 0 13 10 0
1 10 8 0 1 10 8 0 13 6 3 3 0 1 10 8 0 1 10 8 0 6 6 13 0 6 13 0 13 15 8 0
8 6 8 0 10 6 6 0 11 10 11 18 10 10 6 8 0 1 10 8 0 1 10 8 0 13 6 3 3 0 1 10
8 0 1 10 8 0 13 13 11 10 10 0 6 13 15 8 0 8 6 8 10 6 0 8 10 11 10 8 6 3 6 6
8 8 6 0 18 17 18 17 13 10 10 10 8 10 0 18 17 18 17 13 10 10 10 8 10 0 13 13 15 13 13 0
13 15 13 6 13 10 8 0 18 17 18 17 13 10 10 10 8 10 0 18 17 18 17 13 10 10 10 8 10 0 13 15
13 13 0 13 15 13 10 13 8 6 6 0 1 10 8 0 1 10 8 0 13 6 3 3 0 1 10 8 0 1 10 8
0 13 13 11 10 10 0 6 13 15 8 0 8 13 5 8 6 0 8 10 11 10 8 6 3 6 6 8 8 6 18 17
18 17 13 10 10 8 10 10 0 18 17 18 17 13 10 10 10 8 10 0 13 13 15 13 13 0 13 15 13 6 13 10
8 0 18 17 18 17 13 10 10 10 8 10 0 18 17 18 17 13 10 10 10 8 10 0 13 15 13 13 0 13 15 13
10 13 8 6 0 18 17 18 17 13 10 10 10 8 10 0 18 17 18 17 13 10 10 10 8 10 0 13 15 13 13 0
6 8 6 10 13 13 6 10 10 8 5 6 8 13 13 1 8 10 6 3 5 6 0 3 8 10 8 5 5 5 5 5
1 3 0 8 10 13 10 10 8 10 3 10 8 8 10 13 10 10 8 1 8 6 8 10 13 10 10 8 3 10 8 8
6 8 10 0 1 10 8 8 11 10 8 10 13 10 10 8 10 3 10 8 8 10 13 10 10 8 1 8 10 8 10 13
10 10 8 3 10 8 0 1 8 6 5 6 3 6 8 10 13 13 6 10 11 8 5 6 8 13 13 5 8 10 6 3
5 6 0 3 8 10 8 5 5 5 5 5 1 3 0 8 10 13 10 10 8 10 3 10 8 8 10 13 10 10 8 1
8 6 8 10 13 10 10 8 3 10 8 8 6 8 10 0 1 10 8 8 11 10 8 10 13 10 10 8 10 3 10 8
8 10 13 10 10 8 1 8 10 8 10 13 10 10 8 3 10 8 0 1 8 6 5 6 3 0 10 8 10 8 10 8
10 13 8 6 5 8 6 8 8 10 3 6 10 8 10 8 10 8 10 13 8 6 5 8 6 8 8 10 3 8 10 8
10 13 10 10 8 10 3 10 8 8 10 13 10 10 8 1 8 6 8 10 13 10 10 8 3 10 8 8 6 8 10 0
1 10 8 8 11 10 8 10 13 10 10 8 10 3 10 8 17 17 17 17 17 17 17 13 18 13 13 15 10 10 10 10
1 4 4 1 6 6 6 4 8 6 1 4 4 1 4 4 4 4 1 0 1 4 4 1 6 6 6 4 8 6 1 1
4 4 1 4 0 1 4 4 1 6 6 6 4 8 6 1 4 4 1 4 4 4 4 1 0 1 4 4 1 6 6 6
4 8 6 1 1 4 4 1 4 0 8 11 11 8 13 13 13 13 13 11 11 11 11 11 8 11 11 11 11 8 0 8
11 11 8 13 13 13 13 13 11 11 11 11 11 8 11 11 11 11 13 0 8 6 6 4 6 8 6 6 4 6 8 6
6 4 4 0 8 6 6 4 6 8 6 6 4 6 8 6 6 4 4 0 1 4 4 1 6 6 6 4 8 6 1 4
4 1 4 4 4 4 1 0 1 4 4 1 6 6 6 4 8 6 1 1 4 4 1 4 0 8 11 11 8 13 13 13
13 13 11 11 11 11 11 8 11 11 11 11 8 0 8 11 11 8 13 13 13 13 13 11 11 11 11 11 8 11 11 11
11 13 0 8 6 6 4 6 8 6 6 4 6 8 6 6 4 4 0 8 8 8 9 8 6 8 6 6 4 6 8 6
6 4 4 0 1 4 4 1 6 6 6 4 8 6 1 4 4 1 4 4 4 4 1 0 1 4 4 1 6 6 6 4
8 6 1 1 4 4 1 4 0 8 11 11 8 13 13 13 13 13 11 11 11 11 11 8 11 11 11 11 8 0 8 11
11 8 13 13 13 13 13 11 11 11 11 11 8 11 11 11 11 13 0 8 6 6 4 6 8 6 6 4 6 8 6 6
4 4 0 8 8 8 9 8 6 8 6 6 4 6 8 6 6 4 4 0 8 11 11 8 13 13 13 13 13 11 11 11
11 11 8 11 11 11 11 8 0 8 11 11 8 13 13 13 13 13 11 11 11 11 11 8 11 11 11 11 13 0 8 6
6 4 6 6 6 4 6 6 6 4 6 11 11 8 0 11 11 13 11 11 11 11 11 11 11 11 11 8 11 0 8 11
13 11 11 8 11 0 4 6 8 11 6 8 4 0 4 4 1 4 4 4 0 4 3 4 4 0 6 4 6 6 6 4
6 6 6 4 6 11 11 8 0 11 13 11 11 11 11 11 11 11 11 11 11 11 8 11 0 8 11 13 11 11 8 11
0 4 6 8 11 6 8 4 0 4 4 1 4 4 4 4 4 4 4 4 3 4 4 0 11 13 11 11 11 11 8 11
0 11 11 11 13 11 11 16 16 16 13 11 13 11 0 8 8 8 4 4 4 4 4 4 8 6 6 4 4 11 4 16
16 16 16 16 16 16 20 18 16 18 16 0 4 16 16 16 16 16 16 16 15 13 15 16 0 16 16 16 16 16 16 16
16 20 20 18 16 18 16 0 16 16 13 16 0 16 16 13 16 0 16 16 18 0 7 12 14 14 14 12 14 14 14 12
14 19 19 16 0 21 19 21 19 19 19 19 19 19 19 16 19 0 16 19 21 19 19 16 19 0 12 14 16 19 14 16
12 0 12 7 12 12 12 12 12 12 12 12 11 12 12 0 6 4 6 6 6 4 6 6 6 4 6 11 11 8 0 11
13 11 11 11 0 11 11 11 11 8 11 0 8 11 13 11 11 11 8 11 0 4 6 8 11 6 8 4 0 4 1 4
4 4 4 4 4 4 4 4 3 4 4 0 6 4 6 6 6 4 6 6 6 4 6 11 11 8 0 11 13 11 11 11
11 11 0 11 11 11 11 11 8 11 0 8 11 13 11 11 8 11 0 4 6 8 11 6 8 4 0 4 1 4 4 4
4 4 0 4 4 4 3 4 4 0 11 11 13 11 11 11 11 8 11 11 0 11 13 11 11 11 11 11 16 13 11 13
11 0 8 4 4 4 8 6 6 4 11 0 11 11 11 16 16 16 16 16 16 20 20 18 16 18 16 0 4 16 16 16
16 16 16 16 15 13 15 16 0 16 16 16 16 16 16 16 20 18 16 18 16 0 13 16 13 16 16 16 16 16 16 13
13 16 18 0 7 12 14 14 14 12 14 14 14 12 14 19 19 16 0 21 19 21 19 19 19 19 0 19 19 19 19 16
19 0 16 19 21 19 19 16 19 0 12 14 16 19 14 16 12 0 12 12 9 12 12 12 12 12 12 12 12 12 11 12
12 0 6 4 6 6 6 4 6 6 6 4 6 11 11 8 0 11 11 13 11 11 11 11 0 11 11 11 8 11 0 8
11 13 11 11 8 11 0 4 6 8 11 6 8 4 0 4 1 4 4 4 4 4 4 4 4 4 4 3 3 4 4 0
7 12 14 14 14 12 14 14 14 12 14 19 19 16 0 19 19 21 19 19 19 19 19 19 19 19 19 16 19 0 16 19
21 19 19 16 19 0 12 14 16 19 14 16 12 0 12 9 12 12 12 12 12 12 12 12 11 12 12 0 16 19 21 19
6 6 6 6 6 4 4 6 4 0 6 6 6 9 8 6 4 1 0 11 11 4 11 11 4 6 9 6 0 11 11 4
4 1 4 6 0 6 6 6 6 6 4 4 6 4 0 6 6 6 9 8 6 4 1 0 11 11 4 11 11 4 6 13
9 6 9 6 0 11 11 4 4 1 4 6 0 20 21 23 21 20 21 20 18 16 18 0 20 21 23 21 20 21 20 18
16 13 0 11 13 14 18 20 21 20 18 16 14 0 18 21 20 16 14 13 11 14 13 0 20 21 23 21 20 21 20 18
16 18 0 20 21 23 21 20 21 20 18 16 13 0 11 13 14 18 20 21 20 18 16 14 0 9 18 16 14 13 0 14
11 9 9 9 9 9 8 6 4 0 9 9 9 11 9 8 8 6 1 0 11 11 4 11 11 4 6 13 9 6 9 6
0 11 11 4 4 1 4 6 0 20 21 23 21 20 21 20 18 16 18 0 20 21 23 21 20 21 20 18 16 13 0 11
13 14 18 20 21 20 18 16 14 0 18 21 18 20 16 14 13 11 14 13 0 20 21 23 21 20 21 20 18 16 18 0
20 21 23 21 20 21 20 18 16 13 0 11 13 14 18 20 21 20 18 16 14 0 6 18 16 14 13 0 9 11 0 9
9 9 9 9 8 6 4 0 9 9 9 11 9 8 8 6 1 0 11 11 4 11 11 4 6 13 9 6 9 6 0 11
11 4 4 1 4 6 0 9 9 9 9 9 8 6 4 0 9 9 9 11 9 8 8 6 1 0 11 11 9 11 11 4
6 13 9 6 9 6 0 11 11 4 4 1 4 6 0 9 9 9 9 9 8 6 4 0 9 9 9 11 9 8 8 6
1 0 11 11 4 11 11 4 6 13 9 6 9 6 0 11 11 4 4 1 4 6 0 9 9 9 9 9 8 6 4 0
1 3 6 8 10 8 6 3 0 1 3 6 8 10 13 8 0 8 1 8 8 10 8 6 0 8 8 8 1 3 6 3
0 11 11 10 8 6 8 8 0 11 15 13 11 10 8 0 8 1 8 8 10 8 6 0 8 8 8 1 3 6 3 0
13 13 13 13 13 13 15 15 0 15 15 15 18 15 15 13 0 13 13 13 13 15 18 15 0 13 15 20 22 20 11 11
10 8 6 8 8 0 11 15 13 11 10 8 0 8 1 8 8 10 8 6 0 8 8 8 1 3 6 3 0 11 11 10
8 6 8 8 0 11 15 13 11 10 8 0 8 1 8 8 10 8 6 0 8 8 8 1 3 6 3 0 13 13 13 13
6 6 8 10 10 10 11 10 0 10 8 6 8 8 8 11 10 0 8 6 5 6 5 6 5 3 1 1 0 6 8 10
11 3 6 5 0 1 10 11 10 8 6 0 6 5 6 11 10 8 6 11 10 8 6 8 0 6 6 8 10 10 10 11
10 0 10 8 6 8 8 8 11 10 0 8 6 5 6 5 6 5 6 15 13 13 11 10 13 13 15 11 10 8 0 8
10 11 11 13 10 8 6 0 6 5 6 11 10 11 3 6 5 6 6 0 11 11 11 11 10 5 10 8 8 6 6 0
6 11 10 8 10 11 10 11 0 15 15 17 13 11 11 13 10 0 15 15 15 15 14 15 17 0 10 17 18 17 13 6
11 10 8 6 11 10 11 13 13 0 13 13 17 18 18 18 13 13 13 0 13 13 18 20 20 20 13 13 14 20 22 20
18 18 18 0 17 17 18 17 13 15 20 0 8 8 10 11 10 11 15 13 0 11 10 11 13 13 20 17 18 0 18 17
13 11 10 11 13 15 22 20 18 20 0 13 13 17 18 18 18 13 13 13 0 13 13 18 20 20 20 13 13 14 20 22
20 18 18 0 18 17 18 17 13 13 15 22 22 0 11 11 13 15 13 15 18 17 0 17 17 15 14 13 22 20 18 0
18 17 13 11 10 11 13 15 22 20 18 20 0 18 18 17 18 18 6 6 8 10 10 10 11 10 0 10 8 6 8 8
8 11 10 0 8 6 5 6 5 6 5 6 15 13 13 11 10 13 13 15 11 10 8 0 8 10 11 11 13 10 8 6
0 6 5 6 11 10 11 3 6 5 6 6 0 11 11 11 11 10 5 10 8 8 6 6 0 6 11 10 8 10 11 10
11 0 15 15 17 13 11 11 13 10 0 15 15 15 15 14 15 17 0 10 17 18 17 18 6 11 10 8 6 11 10 11
13 13 0 13 13 17 18 18 18 13 13 13 0 13 13 18 20 20 20 13 13 14 20 22 20 18 18 18 0 17 17 18
17 13 15 20 0 8 8 10 11 10 11 15 13 0 11 10 11 13 13 20 17 18 0 18 17 13 11 10 11 13 15 22
20 18 20 0 13 13 17 18 18 18 13 13 13 0 13 13 18 20 20 20 13 13 14 20 22 20 18 18 0 18 17 18
17 13 13 15 22 22 0 11 11 13 15 13 15 18 17 0 17 17 15 14 13 22 20 18 0 18 17 13 11 10 11 13
15 22 20 18 20 0 18 18 17 18 18 13 13 17 18 18 18 13 13 13 0 13 13 18 20 20 20 13 13 14 20 22
20 18 18 18 0 17 17 18 17 13 15 20 0 8 8 10 11 10 11 15 13 0 11 10 11 13 13 20 17 18 0 18
17 13 11 10 11 13 15 22 20 18 20 0 13 13 17 18 18 18 13 13 13 0 13 13 18 20 20 20 13 13 14 20
22 20 18 18 0 18 17 18 17 13 13 15 22 22 0 11 11 13 15 13 15 18 17 0 17 17 15 14 13 22 20 18
6 8 8 6 8 10 10 10 8 0 10 8 6 5 5 6 0 1 3 6 3 6 8 10 8 0 3 6 8 10 8 0
6 6 6 6 6 8 1 0 10 8 6 8 10 13 10 8 0 1 8 1 6 6 8 6 0 10 8 8 6 8 10 3
8 10 8 8 6 8 10 15 13 18 18 17 13 8 8 13 10 8 0 10 8 8 6 8 10 3 6 0 10 8 8 6
8 10 3 8 0 3 8 10 3 8 0 1 10 8 10 8 10 8 10 13 13 18 18 17 13 8 10 13 10 8 0 10
8 8 6 8 10 13 6 0 10 8 8 6 8 10 3 8 10 8 8 6 8 10 10 15 13 13 0 10 8 6 8 10
13 10 8 0 1 8 1 6 6 8 6 0 10 8 8 6 8 10 3 8 10 8 8 6 8 10 15 13 18 17 8 8
13 10 8 0 10 8 8 6 8 10 13 6 0 10 8 8 6 8 10 3 8 0 3 8 10 3 8 0 1 10 8 10
8 10 8 10 13 13 18 18 17 13 8 10 13 10 8 0 10 8 8 6 8 10 13 6 0 10 8 8 6 8 10 13
5 5 10 10 1 3 5 5 0 5 5 10 10 8 6 5 0 5 5 10 1 3 5 0 5 5 1 6 6 6 5 1
0 5 5 10 10 1 3 5 5 0 5 5 10 10 8 6 5 0 5 5 5 10 1 3 5 5 0 5 5 1 6 6
6 5 1 0 8 10 12 13 12 13 8 10 10 8 6 5 5 5 6 3 8 10 12 13 12 13 8 10 10 10 12 13
13 13 13 15 8 10 12 13 12 13 17 22 20 18 17 17 15 10 12 13 13 15 13 13 12 13 15 13 12 13 5 5
10 10 1 3 5 5 0 5 5 10 10 8 6 5 0 5 5 5 10 1 3 5 5 0 5 5 1 6 6 6 5 1
0 8 10 12 13 12 13 8 10 10 8 6 5 5 5 6 3 8 10 12 13 12 13 8 10 10 10 12 13 13 13 13
15 8 10 12 13 12 13 17 22 20 18 17 17 15 10 12 13 13 15 13 13 12 13 15 13 12 13 8 10 12 13 12
13 8 10 10 8 6 5 5 5 6 3 8 10 12 13 12 13 8 10 10 10 12 13 13 13 13 15 8 10 12 13 12
13 17 22 20 18 17 17 15 10 12 13 13 15 13 13 12 13 15 13 12 13 8 10 12 13 12 13 8 10 10 8 6
5 5 5 6 3 8 10 12 13 12 13 8 10 10 10 12 13 13 13 13 15 8 10 12 13 12 13 17 22 20 18 17
17 15 10 12 13 13 15 13 13 12 13 15 13 12 13 8 10 12 13 12 13 8 10 10 8 6 5 5 5 6 3 8
10 12 13 12 13 8 10 10 10 12 13 13 13 13 15 8 10 12 13 12 13 17 22 20 18 17 17 15 10 12 13 13
15 13 13 12 13 15 13 12 13 0 5 5 10 10 1 3 5 5 0 5 5 10 10 8 6 5 0 5 5 5 10 1
6 6 6 6 8 10 6 6 5 1 13 8 10 0 10 8 10 8 6 0 11 10 6 3 3 1 0 6 6 6 6 8
8 10 6 6 5 13 13 10 15 13 0 10 10 8 6 15 15 6 5 13 13 0 13 13 15 18 18 18 13 15 13 0
13 13 11 10 11 13 15 13 10 13 15 13 8 0 6 18 17 15 13 10 13 6 18 17 15 13 10 13 10 8 6 8
10 15 10 8 8 13 13 11 10 11 13 15 13 10 13 15 13 8 0 6 18 20 17 13 10 13 0 6 18 17 15 13
10 13 10 8 6 8 0 11 10 6 3 6 6 6 6 6 8 10 6 6 5 1 13 8 10 0 10 8 10 8 6 6
0 11 10 6 3 3 1 0 6 6 6 6 8 8 10 6 6 5 13 13 10 15 13 0 10 10 8 6 15 15 6 5
13 13 0 13 13 15 18 18 18 13 15 13 0 13 13 11 10 11 13 15 13 10 13 15 13 8 0 6 18 17 15 13
10 13 6 18 17 15 13 10 13 10 8 6 8 10 15 10 8 8 13 13 11 10 11 13 15 13 10 13 15 13 8 0
6 18 20 17 13 10 13 0 6 18 17 15 13 10 13 10 8 6 8 0 11 10 6 3 6 13 13 11 10 11 13 15
13 10 13 15 13 8 0 6 18 17 15 13 10 13 6 18 17 15 13 10 13 10 8 6 8 10 15 10 8 8 13 13
11 10 11 13 15 13 10 0 13 15 13 8 6 18 20 17 13 10 13 0 6 18 17 15 13 10 13 10 8 6 8 0
6 6 6 5 6 8 5 6 6 6 5 6 8 10 6 6 6 6 1 6 8 11 10 8 6 10 8 8 6 6 6 5
6 8 5 6 6 6 5 6 8 10 6 6 6 6 1 6 8 11 10 8 6 10 8 8 0 6 5 6 5 6 0 6
5 6 8 10 6 5 6 8 11 10 8 6 6 5 6 10 15 13 13 10 9 10 11 13 11 10 8 6 5 6 8 10
8 6 5 6 5 6 15 17 15 13 10 13 15 6 6 15 17 10 13 0 10 10 10 11 13 11 10 8 6 6 6 8
10 8 6 5 6 3 6 15 17 15 13 10 15 15 6 6 15 17 15 13 3 6 6 6 6 5 6 8 5 6 6 6
5 6 8 10 6 6 6 6 1 6 8 11 10 8 6 10 8 8 6 6 6 5 6 8 5 6 6 6 5 6 8 10
6 6 6 6 1 6 8 11 10 8 6 10 8 8 0 6 5 6 5 6 0 6 5 6 8 10 6 5 6 8 11 10
8 6 6 5 6 10 15 13 13 10 9 10 11 13 11 10 8 6 5 6 8 10 8 6 5 6 5 6 15 17 15 13
10 13 15 6 6 15 17 10 13 0 10 10 10 11 13 11 10 8 6 6 6 8 10 8 6 5 6 3 6 15 17 15
13 10 15 15 6 6 15 17 15 13 3 6 10 9 10 11 13 11 10 8 6 5 6 8 10 8 6 5 6 5 6 15
17 15 13 10 13 15 6 6 15 17 10 13 0 10 10 10 11 13 11 10 8 6 6 6 8 10 8 6 5 6 3 6
15 17 15 13 10 15 15 6 6 15 17 15 13 3 6 0 13 15 6 6 15 17 15 13 11 10 9 10 11 13 11 10
8 6 5 6 8 10 8 6 5 6 5 6 15 17 15 13 10 13 15 6 6 15 17 10 13 0 10 10 10 11 13 11
9 9 8 9 9 9 11 11 0 11 11 11 11 9 9 9 0 9 9 9 9 9 9 9 8 8 11 0 9 9 9 9
8 9 11 11 0 11 11 11 11 13 13 0 13 11 9 11 11 0 8 6 8 9 6 1 1 1 9 8 0 8 8 6
8 9 0 9 11 11 0 4 13 11 13 0 13 11 13 9 8 16 16 13 11 13 8 6 18 16 14 13 14 14 13 13
11 13 8 6 18 16 14 13 14 16 0 9 11 13 11 13 0 9 11 13 11 11 13 0 9 11 13 11 14 0 4 13
11 13 0 4 13 11 13 9 8 8 16 16 13 11 13 8 6 18 18 16 14 13 14 14 13 16 14 13 8 6 18 16
14 13 14 16 0 9 11 13 11 13 0 9 11 13 11 13 0 9 11 13 11 14 14 13 14 8 9 9 8 6 8 9
6 1 1 1 8 8 8 8 6 4 4 6 0 6 6 9 13 16 13 16 13 16 0 4 13 11 13 0 13 11 13 9
8 16 16 13 11 13 8 6 18 16 14 13 14 14 13 13 11 13 8 6 18 16 14 13 14 16 0 9 11 13 11 13
0 9 11 13 11 11 13 0 9 11 13 11 14 0 4 13 11 13 0 4 13 11 13 9 8 8 16 16 13 11 13 8
6 18 18 16 14 13 14 14 13 16 14 13 8 6 18 16 14 13 14 16 0 9 11 13 11 13 0 9 11 13 11 13
0 9 11 13 11 14 14 13 14 8 9 13 11 13 13 11 13 9 8 16 16 13 11 13 8 6 18 16 14 13 14 14
13 13 11 13 8 6 18 16 14 13 14 16 0 9 11 13 11 13 0 9 11 13 11 11 13 0 9 11 13 11 14 0
4 13 11 13 0 4 13 11 13 9 8 8 16 16 13 11 13 8 6 18 18 16 14 13 14 14 13 16 14 13 8 6
18 16 14 13 14 16 0 9 11 13 11 13 0 9 11 13 11 13 0 9 11 13 11 14 14 13 14 8 9 8 0 14
4 9 9 9 8 8 9 4 4 8 8 8 9 8 6 4 4 9 9 9 9 6 9 6 4 4 11 11 11 9 9 13
11 8 8 9 9 8 8 9 4 8 8 9 8 6 4 4 9 9 9 9 6 0 4 4 11 11 11 11 9 13 11 11
9 11 9 16 16 16 13 11 13 8 8 4 8 8 8 8 9 6 4 6 4 9 9 9 6 4 9 9 9 6 4 11
11 11 9 9 11 9 11 9 16 16 16 13 11 13 8 8 4 8 8 8 8 9 8 6 4 6 4 9 9 9 9 9
6 9 9 6 4 11 11 11 11 9 8 8 9 4 9 9 9 8 9 8 4 1 1 9 9 9 8 9 8 6 4 4
9 9 9 9 9 9 9 6 4 4 11 11 11 11 11 9 9 13 11 11 4 4 9 9 9 8 8 4 1 1 9 9
9 9 9 6 8 6 4 6 4 9 9 9 6 4 9 6 9 9 6 11 11 11 9 8 9 9 11 9 16 16 16 13
11 11 13 8 8 4 8 8 8 8 9 8 6 4 6 4 9 9 9 6 4 9 6 9 9 6 4 11 11 11 9 13
11 9 11 9 16 16 16 13 11 11 13 8 8 4 8 8 8 8 9 8 6 4 6 4 9 9 9 6 4 9 6 9
9 6 4 11 11 9 9 8 9 9 11 9 16 16 16 13 16 13 8 8 8 8 8 8 8 8 9 8 6 4 6 4
9 9 9 6 9 6 6 9 9 6 11 11 11 9 13 11 11 9 11 9 16 16 16 13 16 13 8 8 4 8 8 8
1 6 6 8 8 10 13 10 10 13 0 13 13 6 6 8 8 6 8 10 0 1 6 6 8 8 10 13 10 10 13 0
13 15 13 13 13 13 13 10 8 0 15 15 17 18 17 13 13 0 13 15 13 13 13 13 6 8 10 0 15 15 17 18
17 13 13 0 13 15 13 13 13 15 18 20 0 6 10 13 18 18 18 18 18 17 17 15 15 13 13 10 10 0 6 10
13 15 15 15 15 15 13 13 13 10 0 6 10 13 18 18 18 18 18 17 17 15 13 15 17 18 10 8 6 6 8 10
13 10 8 0 10 3 8 6 6 1 6 6 8 10 13 10 10 13 0 13 13 6 6 8 8 6 8 10 0 1 6 6
8 10 13 10 10 13 0 13 15 13 13 13 13 10 8 0 15 15 17 18 17 13 13 0 13 15 13 13 13 13 6 8
10 0 15 15 17 18 17 20 22 0 20 20 18 18 15 13 10 8 0 6 10 13 18 18 18 18 18 17 17 15 15 13
13 10 10 0 6 10 13 15 15 15 15 15 13 13 13 10 0 6 10 13 18 18 18 18 18 17 17 15 13 15 17 18
10 8 6 6 8 10 13 10 8 0 10 3 8 6 6 6 10 13 18 18 18 18 18 17 17 15 15 13 13 10 10 0
6 10 13 15 15 15 15 15 13 13 13 10 0 6 10 13 18 18 18 18 18 17 17 15 13 15 17 18 10 8 6 6
8 8 6 8 8 6 8 0 1 8 6 6 6 6 6 3 4 3 1 13 13 11 13 8 11 6 4 6 8 9 8 6
8 1 8 11 8 6 8 11 8 6 0 4 3 1 1 8 8 6 8 8 6 8 0 1 8 6 6 6 6 3 4 3
1 1 13 13 11 13 8 11 6 4 6 8 9 8 6 8 1 8 11 8 6 1 8 11 8 6 0 4 3 4 3 1
8 11 13 11 9 8 8 6 6 8 9 11 8 6 8 6 5 6 6 8 9 8 4 1 1 9 8 4 6 6 8 8
8 11 13 11 9 8 8 6 6 8 8 9 12 8 6 8 6 4 4 6 8 9 8 4 1 1 9 8 4 6 6 6
4 4 8 8 6 8 8 6 8 0 1 8 6 6 6 6 6 3 4 3 1 13 13 11 13 8 11 6 4 6 8 9
8 6 8 1 8 11 8 6 8 11 8 6 0 4 3 1 8 8 6 8 8 6 8 0 1 8 6 6 6 6 3 4
3 1 1 13 13 11 13 8 11 6 4 6 8 9 8 6 8 1 8 11 8 6 1 8 11 8 6 0 4 3 4 3
1 8 11 13 11 9 8 8 6 8 9 11 8 6 8 6 5 6 6 8 9 8 4 1 1 9 8 4 6 6 8 8
8 11 13 11 9 8 8 6 8 8 9 12 8 6 8 6 4 4 6 8 9 8 4 1 1 9 8 4 6 6 6 4
6 8 9 6 8 9 6 8 9 0 9 11 9 8 6 4 4 4 4 6 8 0 6 8 9 6 8 9 6 8 9 0
9 11 9 8 6 4 4 4 4 11 13 14 13 14 0 6 6 13 13 11 0 13 11 13 0 4 4 11 11 9 6 8
9 9 9 8 6 8 8 4 1 0 6 8 9 6 8 9 6 8 9 0 9 11 9 8 6 4 4 4 4 6 8 0
6 8 9 6 8 9 6 8 9 0 9 11 9 8 6 8 8 16 13 14 13 14 0 6 6 13 13 11 0 4 13 11
13 0 4 11 11 9 6 8 9 9 9 0 8 6 8 8 8 6 4 6 6 8 9 11 13 6 14 13 11 11 11 11
11 16 18 13 11 9 9 2 11 9 8 6 8 9 9 11 9 11 13 6 8 9 11 13 6 14 13 11 11 11 11 11
16 18 13 11 9 9 2 8 9 11 9 8 9 6 6 8 9 6 8 9 6 8 9 0 9 11 9 8 6 4 4 4
4 6 8 0 6 8 9 6 8 9 6 8 9 0 9 11 9 8 6 4 4 4 4 11 13 14 13 14 0 6 6 13
13 11 0 13 11 13 0 4 4 11 11 9 6 8 9 9 9 8 6 8 8 4 1 0 6 8 9 6 8 9 6 8
9 0 9 11 9 8 6 4 4 4 4 6 8 0 6 8 9 6 8 9 6 8 9 0 9 11 9 8 6 8 8 16
13 14 13 14 0 6 13 13 11 0 4 13 11 13 0 4 11 11 9 6 8 9 9 9 0 8 6 8 8 8 6 4
6 6 8 9 11 13 6 14 13 11 11 11 11 11 16 18 13 11 9 9 2 11 9 8 6 8 9 9 11 9 11 13
6 8 9 11 13 6 14 13 11 11 11 11 11 16 18 13 11 9 9 2 8 9 11 9 8 9 6 6 8 9 11 13
6 14 13 11 11 11 11 11 16 18 13 11 9 9 2 11 9 8 6 8 9 9 11 9 11 13 6 8 9 11 13 6
3 3 6 8 6 8 11 10 8 6 8 3 0 3 3 6 8 6 8 11 10 8 8 3 1 0 8 13 8 13 0 8
13 8 10 3 0 1 3 1 6 0 1 6 8 10 11 10 8 10 0 3 3 6 8 6 8 11 10 8 6 8 3 0
3 3 6 8 6 8 11 10 8 8 6 15 0 8 13 8 13 0 15 10 8 10 11 10 0 8 13 10 3 8 13 10
3 8 6 8 0 18 15 13 0 13 13 15 11 13 15 0 18 15 13 0 13 13 6 15 16 15 0 15 15 22 15 13
13 11 10 11 13 15 20 8 11 15 13 8 11 10 6 8 18 15 13 0 13 13 15 11 13 15 0 18 15 13 0 13
13 6 15 16 15 0 15 15 22 15 13 13 11 10 11 13 15 20 8 11 15 13 8 11 10 6 8 0 3 3 6 8
6 8 11 10 8 6 8 3 0 3 3 6 8 6 8 11 10 8 8 3 1 0 8 13 8 13 0 8 13 8 10 3
0 1 3 1 6 0 1 6 8 10 11 10 8 10 0 3 3 6 8 6 8 11 10 8 6 8 3 0 3 3 6 8
6 8 11 10 8 8 6 15 0 8 13 8 13 0 15 10 8 10 11 10 8 13 10 3 8 13 10 3 8 6 8 18
15 13 0 13 13 15 11 13 15 0 18 15 13 0 13 13 6 15 16 15 0 15 15 22 15 13 13 11 10 11 13 15
20 8 11 15 13 8 11 10 6 8 18 15 13 0 13 13 15 11 13 15 0 18 15 13 0 13 13 6 15 16 15 0
15 15 22 15 13 13 11 10 11 13 15 20 8 11 15 13 8 11 10 6 8 0 15 15 22 15 13 13 11 10 11 13
4 1 4 1 4 6 8 11 11 11 13 13 4 6 9 6 9 6 9 11 12 11 9 5 4 2 4 4 1 4 4 6
8 11 11 11 13 13 6 9 0 6 9 0 6 9 11 12 11 9 0 4 6 9 4 6 9 9 11 8 0 4 6 9
4 6 9 6 9 6 11 0 4 4 4 4 0 13 13 16 13 13 13 16 13 14 13 8 13 13 16 13 13 13 16 13
14 13 9 13 13 16 13 13 16 18 9 9 9 5 9 13 14 13 9 14 13 9 13 13 16 13 13 13 16 13 14 13
8 13 16 13 13 16 13 14 13 9 13 16 18 9 11 13 14 13 14 13 14 13 14 13 9 11 9 8 0 8 11 9
6 14 13 9 4 1 4 1 4 6 8 11 11 11 13 13 4 6 9 6 9 6 9 11 12 11 9 5 4 2 4 4
1 4 4 6 8 11 11 11 13 13 6 9 0 6 9 0 6 9 11 12 11 9 0 4 6 9 4 6 9 9 11 8
6 4 0 4 6 9 6 9 6 9 11 16 13 14 11 11 11 13 11 9 0 13 13 16 13 13 13 16 13 14 13 8
13 13 16 13 13 13 16 13 14 13 9 13 13 16 13 13 16 18 9 9 9 5 9 1 14 13 9 14 13 9 9 11
9 13 13 16 13 13 13 16 13 14 13 8 13 16 13 13 16 13 14 13 9 13 16 18 9 9 11 13 14 13 14 13
14 13 14 13 9 11 9 8 0 8 11 9 9 16 0 6 9 11 11 13 11 9 9 11 11 13 11 9 9 9 11 13
16 16 0 9 11 12 11 9 9 4 18 18 20 16 17 16 14 16 0 13 13 16 13 13 13 16 13 14 13 8 13 13
16 13 13 13 16 13 14 13 9 13 13 16 13 13 16 18 9 9 9 5 9 1 14 13 9 14 13 9 9 11 9 13
13 16 13 13 13 16 13 14 13 8 13 16 13 13 16 13 14 13 9 13 16 18 9 9 11 13 14 13 14 13 14 13
3 4 3 11 8 10 11 10 8 3 1 3 1 1 10 1 3 8 10 8 8 9 8 20 15 16 18 16 13 15 15 11
13 15 13 11 10 3 15 13 8 3 4 3 11 8 10 11 10 8 3 1 3 1 10 4 1 3 8 10 8 8 9 8
20 15 16 18 16 13 15 15 11 13 15 13 11 10 3 15 13 8 20 15 15 15 16 13 8 13 18 18 20 18 20 15
15 13 11 10 3 13 11 10 8 10 10 10 13 15 13 15 20 22 23 22 16 13 8 13 18 20 22 15 15 11 13 15
13 11 10 3 15 13 8 3 4 3 11 8 10 11 10 8 3 1 3 1 10 4 1 3 8 10 8 8 9 8 20 15
16 18 16 13 15 15 11 13 15 13 11 10 3 15 13 8 8 9 8 20 15 16 18 16 13 15 15 11 13 15 13 11
10 3 15 13 8 20 15 15 15 16 13 8 13 18 18 20 18 20 15 15 13 11 10 3 13 11 10 8 10 10 10 13
15 13 15 20 22 23 22 16 13 8 13 18 20 22 15 15 11 13 15 13 11 10 3 15 13 8 3 4 3 11 8 10
11 10 8 3 1 3 1 10 4 1 3 8 10 8 8 9 8 20 15 16 18 16 13 15 15 11 13 15 13 11 10 3
1 6 10 13 10 8 6 6 6 6 3 1 1 1 6 10 13 13 13 15 13 13 8 10 8 6 8 8 15 13 10 13
13 13 15 13 10 8 6 6 8 3 1 3 6 8 10 8 10 6 6 1 6 10 13 10 8 6 6 6 6 3 1 1
1 6 10 13 13 13 15 13 13 8 10 8 6 8 8 15 13 10 13 13 13 15 13 10 8 6 6 8 3 1 3 6
8 10 8 10 6 6 10 13 18 17 18 17 15 13 15 18 10 8 6 6 6 6 18 13 15 13 8 10 8 6 8 8
10 13 18 17 18 17 15 13 15 18 10 8 6 6 6 6 18 13 15 13 8 10 8 6 6 1 6 10 13 10 8 6
6 6 6 3 1 1 1 6 10 13 13 13 15 13 13 8 10 8 6 8 8 15 13 10 13 13 13 15 13 10 8 6
6 8 3 1 3 6 8 10 8 10 6 6 10 13 18 17 18 17 15 13 15 18 10 8 6 6 6 6 18 13 15 13
8 10 8 6 8 8 10 13 18 17 18 17 15 13 15 18 10 8 6 6 6 6 18 13 15 13 8 10 8 6 6 10
10 8 8 6 6 8 6 3 3 3 0 1 6 6 8 8 0 10 8 8 6 6 8 3 3 3 6 1 0 1 1 6
6 8 8 5 3 1 0 3 6 6 1 1 8 10 6 1 0 3 6 6 1 1 8 10 6 3 6 6 3 0 1 8
6 10 6 6 0 6 10 11 13 6 15 13 13 11 10 8 8 0 1 8 10 11 1 13 11 10 8 8 6 6 0 1
6 8 10 6 11 10 8 6 6 6 5 5 6 8 11 10 10 10 8 10 10 0 6 10 11 13 6 15 13 13 11 10
8 8 0 1 8 10 11 1 13 11 10 8 8 6 6 3 6 6 0 1 8 6 10 6 6 0 10 8 8 6 6 8
6 3 3 3 0 1 6 6 8 8 0 10 8 8 6 6 8 3 3 3 6 1 0 1 1 6 6 8 8 5 3 1
0 3 6 6 1 1 8 10 6 1 0 3 6 6 1 1 8 10 6 3 6 6 3 0 1 8 6 10 6 6 0 6
10 11 13 6 15 13 13 11 10 8 8 0 1 8 10 11 1 13 11 10 8 8 6 6 0 1 6 8 10 6 11 10
8 6 6 6 5 5 6 8 11 10 10 10 8 10 10 0 6 10 11 13 6 15 13 13 11 10 8 8 0 1 8 10
11 1 13 11 10 8 8 6 6 3 6 6 0 1 8 6 10 6 6 3 6 6 1 1 8 10 6 3 1 0 10 8
6 3 6 8 6 0 6 10 11 13 6 15 13 13 11 10 8 8 0 1 8 10 11 1 13 11 10 8 8 6 6 0
1 6 8 10 6 11 10 8 6 6 6 5 5 6 8 11 10 10 10 8 10 10 0 6 10 11 13 6 15 13 13 11
1 4 4 1 6 1 4 4 1 4 4 1 6 8 4 6 9 9 6 11 9 9 6 6 6 9 6 4 4 1 4 4
1 6 1 4 4 6 9 9 9 9 11 13 11 11 11 11 11 9 11 13 11 9 11 11 11 9 13 11 9 9 0 4
16 14 14 13 13 14 14 14 14 14 13 11 11 13 16 18 13 11 9 9 11 9 11 11 0 13 16 16 13 11 16 16
11 13 11 13 16 13 16 18 21 21 18 16 13 11 9 18 16 16 13 11 11 13 16 16 13 13 17 16 18 20 21 20
20 18 9 18 16 16 14 16 13 11 9 11 6 9 11 13 11 9 9 1 4 4 1 6 1 4 4 1 4 4 1 6
8 4 6 9 9 6 11 9 9 6 6 6 9 6 4 4 1 4 4 1 6 1 4 4 6 9 9 9 9 11 13 11
11 11 11 11 9 11 13 11 9 11 11 11 9 13 11 9 9 0 4 16 14 14 13 13 14 14 14 14 14 13 11 11
13 16 18 13 11 9 9 11 9 11 11 0 13 16 16 13 11 16 16 11 13 11 13 16 13 16 18 21 21 18 16 13
11 9 18 16 16 13 11 11 13 16 16 13 13 17 16 18 20 21 20 20 18 9 18 16 16 14 16 13 11 9 11 6
9 11 13 11 9 9 21 21 18 16 13 11 9 18 16 16 13 11 11 13 16 16 13 13 17 16 18 20 23 21 21 20
3 5 6 10 5 6 8 8 6 3 3 6 3 1 3 5 6 10 5 6 8 8 6 6 3 3 6 8 6 8 8 10
10 10 10 13 8 8 10 6 3 3 3 1 3 6 8 8 10 10 10 13 13 8 8 10 3 3 5 6 10 5 6 8
8 6 3 6 1 3 5 6 10 5 6 8 8 6 6 3 3 3 6 8 6 8 8 10 10 10 10 13 8 8 10 6
3 3 3 1 3 6 8 8 10 10 10 10 13 13 8 8 10 6 3 6 8 10 0 10 10 15 15 15 15 13 10 13
15 15 15 13 10 13 13 15 10 13 13 15 10 10 13 15 15 15 13 10 8 10 13 15 10 0 10 10 15 15 15 15
13 10 13 15 15 15 13 10 13 15 18 17 15 10 15 10 10 8 6 8 10 8 6 8 13 8 8 10 3 3 5 6
10 5 6 8 8 6 3 6 1 3 5 6 10 5 6 8 8 6 6 3 3 3 6 8 6 8 8 10 10 10 10 13
8 8 10 6 3 3 3 1 3 6 8 8 10 10 10 10 13 13 8 8 10 6 3 6 8 10 0 10 10 15 15 15
15 13 10 13 15 15 15 13 10 13 13 15 10 13 13 15 10 10 13 15 15 15 13 10 8 10 13 15 10 0 10 10
15 15 15 15 13 10 13 15 15 15 13 10 13 15 18 17 15 10 15 10 10 8 6 8 10 8 6 8 13 8 8 10
3 10 10 15 15 15 15 13 10 13 15 15 15 13 10 13 13 15 10 13 13 15 10 10 13 15 15 15 13 10 8 10
13 15 10 0 10 10 15 15 15 15 13 10 13 15 15 15 13 10 13 15 18 17 15 10 15 10 10 8 6 8 10 8
1 10 8 6 5 13 5 0 6 5 3 5 5 3 5 6 3 5 6 3 5 6 8 8 6 8 10 11 10 6 6 8
10 11 8 6 8 10 13 13 11 10 6 6 0 1 10 8 6 5 13 5 0 6 5 3 5 5 3 5 6 3 5 6
3 5 6 3 10 8 6 8 10 6 8 10 8 6 6 8 10 11 13 11 10 8 6 8 10 11 13 1 11 10 6 1
8 6 0 13 6 13 13 15 6 0 13 5 13 13 15 5 0 13 11 11 10 11 11 3 10 8 1 6 8 6 10 10
10 11 10 0 13 6 13 13 15 6 0 13 5 13 13 15 17 18 18 10 8 10 13 11 3 10 8 6 5 6 1 10
8 6 5 13 5 0 6 5 3 5 5 3 5 6 3 5 6 3 5 6 3 10 8 6 8 10 1 8 10 8 6 6
8 10 11 13 11 10 8 6 8 10 11 13 1 11 10 6 1 8 6 0 13 6 13 13 15 6 0 13 5 13 13 15
5 0 13 11 11 10 11 11 3 10 8 1 6 8 6 10 10 10 11 10 0 13 6 13 13 15 6 0 13 5 13 13
15 17 18 18 10 0 8 10 13 11 3 10 8 6 5 6 13 6 13 13 15 6 0 13 5 13 13 15 5 0 13 11
11 10 11 11 3 10 8 1 6 8 6 10 10 10 11 10 0 13 6 13 13 15 15 0 13 5 13 13 15 17 18 18
1 3 6 8 6 8 10 10 10 8 6 8 10 10 10 8 6 8 6 3 6 8 10 10 1 3 6 8 6 8 6 13
10 8 10 8 6 10 10 8 6 8 8 8 8 6 3 8 1 3 6 8 6 8 10 13 10 8 6 8 10 15 10 8
6 8 6 3 6 8 10 13 1 3 6 8 6 8 6 15 13 10 8 8 6 10 10 8 6 8 8 8 8 6 3 6
6 18 17 17 15 17 15 13 15 13 10 8 10 13 15 13 13 15 13 15 15 15 15 13 15 13 10 0 6 8 10 13
10 8 6 6 8 10 15 10 8 6 6 6 6 18 18 18 18 15 18 15 13 6 18 17 18 17 15 13 15 13 10 8
10 13 15 13 13 15 13 15 15 15 15 13 15 13 10 0 6 8 10 13 10 8 6 6 8 10 15 10 8 6 18 0
18 15 18 15 13 13 15 13 10 8 10 8 6 3 6 8 6 0 1 3 6 8 6 8 10 10 10 8 6 8 10 10
10 8 6 8 6 3 6 8 10 10 1 3 6 8 6 8 6 13 10 8 10 8 6 10 10 8 6 8 8 8 8 6
3 8 1 3 6 8 6 8 10 13 10 8 6 8 10 15 10 8 6 8 6 3 6 8 10 13 1 3 6 8 6 8
6 15 13 10 8 8 6 10 10 8 6 8 8 8 8 6 3 6 6 18 17 17 15 17 15 13 15 13 10 8 10 13
15 13 13 15 13 15 15 15 15 13 15 13 10 0 6 8 10 13 10 8 6 6 8 10 15 10 8 6 6 6 6 18
18 18 18 15 18 15 13 6 18 17 18 17 15 13 15 13 10 8 10 13 15 13 13 15 13 15 15 15 15 13 15 13
10 0 6 8 10 13 10 8 6 6 8 10 15 10 8 6 18 0 18 15 18 15 13 13 15 13 10 8 10 8 6 3
6 8 6 6 18 17 17 15 17 15 13 15 13 10 8 10 13 15 13 13 15 13 15 15 15 15 13 15 13 10 0 6
8 10 13 10 8 6 6 8 10 15 10 8 6 6 6 6 18 18 18 18 15 18 15 13 6 18 17 18 17 15 13 15
13 10 8 10 13 15 13 13 15 13 15 15 15 15 13 15 13 10 0 6 8 10 13 10 8 6 6 8 10 15 10 8
6 18 0 18 15 18 15 13 13 15 13 10 8 10 8 0 6 3 6 8 6 0 6 3 6 15 13 13 15 13 10 13
11 8 11 6 8 6 4 4 3 1 3 4 3 4 6 8 11 8 11 6 8 6 4 4 3 1 3 4 3 4 4 6
4 11 8 11 6 8 6 4 4 3 1 3 4 3 4 6 8 11 8 11 18 16 15 16 4 3 1 3 4 3 4 6
4 0 11 13 15 16 15 16 15 13 11 13 11 4 6 8 9 8 9 11 4 6 8 8 0 11 13 15 16 15 16 18
16 18 20 11 4 6 8 9 8 9 8 6 4 3 4 11 8 11 6 8 6 4 4 3 1 3 4 3 4 6 8 11
8 11 18 16 15 16 4 3 1 3 4 3 4 4 6 4 0 11 13 15 16 15 16 15 13 11 13 11 4 6 8 9
8 9 11 4 6 8 8 0 11 13 15 16 15 16 18 16 18 20 11 4 6 8 9 8 9 8 6 4 3 4 11 13
15 16 15 16 6 16 15 13 11 0 4 6 8 9 8 9 11 4 4 13 11 0 11 13 15 16 15 16 18 16 18 20
1 10 8 8 10 8 8 1 10 8 8 10 8 8 6 0 6 8 10 6 6 8 10 6 11 10 1 10 8 8 10 8
8 1 10 8 8 10 6 6 0 6 8 10 6 6 8 10 6 8 6 0 6 6 6 1 6 5 1 0 6 6 5 1
6 5 1 0 6 5 6 1 6 5 6 8 8 8 8 8 6 10 8 0 11 11 10 11 13 10 8 0 10 10 8 10
8 6 3 6 0 11 11 10 11 8 10 8 6 6 8 8 8 8 8 6 15 13 13 11 11 10 10 8 11 10 13 11
11 10 10 8 8 6 11 11 11 13 13 11 10 11 14 14 14 16 16 14 14 13 13 11 11 10 10 8 11 10 13 11
11 10 10 8 8 6 11 11 11 13 13 11 10 11 10 11 10 11 13 11 10 6 8 8 6 1 10 8 8 10 8 8
1 10 8 8 10 8 8 6 0 6 8 10 6 6 8 10 6 11 10 0 1 10 8 8 10 8 8 1 10 8 8 10
6 6 0 6 8 10 6 6 8 10 6 8 6 0 6 6 6 1 6 5 1 0 6 6 5 1 6 5 1 0 6 5
6 1 6 5 6 8 8 8 8 8 6 10 8 0 11 11 10 11 13 10 8 0 10 10 8 10 8 6 3 6 0 11
11 10 11 8 10 8 6 6 8 8 8 8 8 6 15 13 13 11 11 10 10 8 11 10 13 11 11 10 10 8 8 6
11 11 11 13 13 11 10 11 14 14 14 16 16 14 14 13 13 11 11 10 10 8 11 10 13 11 11 10 10 8 8 6
11 11 11 13 13 11 10 11 10 11 10 11 13 11 10 6 8 8 6 0 14 12 12 11 11 9 12 11 14 12 12 11
11 9 9 7 12 12 12 14 14 12 11 12 15 15 15 17 17 15 15 14 14 12 12 11 11 9 12 11 14 12 12 11
5 5 8 8 13 13 12 12 10 5 10 0 10 10 12 12 17 17 12 12 8 5 8 0 5 5 8 8 13 13 12 12
10 5 10 0 10 12 10 12 17 15 13 0 5 5 8 8 13 13 12 12 10 5 10 0 10 10 12 12 17 17 12 12
5 8 0 5 5 8 8 13 13 12 12 13 5 10 0 10 13 12 10 12 17 15 13 17 15 13 12 10 10 10 10 10
17 15 15 13 12 10 8 8 8 8 15 13 13 13 8 8 1 5 3 10 10 10 10 10 13 10 13 10 13 13 13 13
17 15 15 5 17 15 13 15 17 8 15 17 8 15 17 15 15 17 18 17 15 12 13 5 10 13 5 10 12 12 12 17
20 17 13 12 10 18 18 0 20 18 17 8 17 17 0 18 17 13 18 15 15 0 15 13 17 15 17 15 13 17 8 15
17 8 15 17 0 15 15 17 18 20 15 12 13 5 10 13 0 5 10 12 0 12 12 17 20 17 13 12 10 18 18 0
20 18 17 8 17 17 0 18 17 13 7 15 15 0 17 13 13 17 15 13 5 5 8 8 13 13 12 12 10 5 10 0
10 10 12 12 17 17 12 12 5 8 0 5 5 8 8 13 13 12 12 13 5 10 0 10 13 12 10 12 17 15 13 17
15 13 12 10 10 10 10 10 17 15 15 13 12 10 8 8 8 8 15 13 13 13 8 8 1 5 3 10 10 10 10 10
13 10 13 10 13 13 13 13 17 15 15 5 17 15 13 15 17 8 15 17 8 15 17 15 15 17 18 17 15 12 13 5
10 13 5 10 12 12 12 17 20 17 13 12 10 18 18 0 20 18 17 8 17 17 0 18 17 13 18 15 15 0 15 13
17 15 17 15 13 17 8 15 17 8 15 17 0 15 15 17 18 20 15 12 13 5 10 13 0 5 10 12 0 12 12 17
8 8 13 12 13 13 0 8 8 13 12 8 0 5 5 8 8 1 3 1 1 1 3 5 3 0 1 5 3 0 8 8
13 12 13 13 0 13 15 13 17 13 15 13 0 20 17 13 15 13 8 13 0 13 17 13 13 15 17 0 17 15 17 15
13 10 13 15 17 17 8 17 0 20 20 17 15 13 13 13 15 17 15 0 20 17 15 13 13 15 17 0 20 17 20 17
13 0 8 10 13 8 10 13 13 13 15 17 13 17 15 15 0 20 17 15 13 15 17 0 20 17 20 22 20 17 13 0
8 10 13 8 10 13 13 15 17 13 0 8 15 13 13 8 8 13 12 13 13 0 8 8 13 12 8 0 5 5 8 8
1 3 1 1 1 3 5 3 0 1 5 3 0 8 8 13 12 13 13 0 13 15 13 17 20 17 13 0 20 17 13 15
13 8 13 0 13 17 13 13 15 17 0 17 15 17 15 13 10 13 15 17 17 8 17 0 20 20 17 15 13 13 13 15
17 15 0 20 17 15 13 13 15 17 0 20 17 20 17 13 0 8 10 13 8 10 13 13 13 15 17 13 17 15 15 0
20 17 15 13 15 17 0 20 17 20 22 20 17 13 0 8 10 13 8 10 13 13 15 17 13 0 8 15 13 13 0 0
20 17 15 13 13 15 17 0 20 17 20 17 13 0 8 10 13 8 10 13 13 13 15 17 13 17 15 15 0 20 17 15
8 10 12 7 0 8 5 8 3 0 13 10 10 10 12 13 12 8 8 0 10 7 7 5 7 12 0 8 10 12 7 0
8 5 8 3 0 13 10 10 10 12 13 12 8 8 0 10 10 12 13 12 0 8 10 12 12 12 8 10 12 15 13 12
10 12 10 3 3 0 7 8 10 10 10 7 8 10 13 12 10 8 10 8 5 12 0 3 3 3 1 12 12 10 8 7
3 0 3 3 13 13 13 12 10 8 0 12 10 8 10 5 5 12 10 8 10 5 0 8 7 8 15 13 12 12 10 13
12 0 14 14 12 10 14 14 14 14 14 19 0 14 12 14 15 12 12 12 12 17 15 14 12 14 0 7 10 14 12 9
9 7 9 10 0 7 7 10 17 15 14 14 14 12 10 14 14 14 14 14 19 0 14 12 14 15 12 12 12 12 12 17
19 14 12 14 0 7 9 10 12 9 0 5 5 12 9 10 0 15 14 12 10 12 9 0 7 6 9 10 0 7 6 9
10 0 8 10 12 7 0 8 5 8 3 0 13 10 10 10 12 13 12 8 8 0 10 7 7 5 7 12 0 8 10 12
7 0 8 5 8 3 0 13 10 10 10 12 13 12 8 8 0 10 10 12 13 12 0 8 10 12 12 12 8 10 12 15
13 12 10 12 10 3 3 0 7 8 10 10 10 7 8 10 13 12 10 8 10 8 5 12 0 3 3 3 1 12 12 10
8 7 3 0 3 3 13 13 12 10 8 0 12 10 8 10 5 5 12 10 8 10 10 5 0 8 7 8 15 13 12 12
10 13 12 0 14 14 12 10 14 14 14 14 14 19 0 14 12 14 15 12 12 12 12 17 15 14 12 14 0 7 10 14
12 9 9 7 9 10 0 7 7 10 17 15 14 14 14 12 10 14 14 14 14 14 19 0 14 12 14 15 12 12 12 12
12 17 19 14 12 14 0 7 9 10 12 9 0 5 5 12 9 10 0 15 14 12 10 12 9 0 7 6 9 10 0 7
6 9 10 0 0 14 14 12 10 14 14 14 14 14 19 0 14 12 14 15 12 12 12 12 17 15 14 12 14 0 7 10
14 12 9 9 7 9 10 0 7 7 10 17 15 14 14 14 12 10 14 14 14 14 14 19 0 14 12 14 15 12 12 12
12 12 17 19 14 12 14 0 7 9 10 12 9 0 5 5 12 9 10 0 15 14 12 10 12 9 0 7 6 9 10 0
5 8 8 5 8 5 8 10 12 8 8 5 5 0 5 8 8 5 8 5 8 15 12 8 8 5 12 8 15 13 10 10
8 13 10 0 8 13 10 13 15 5 8 15 13 10 13 10 13 10 1 10 9 8 0 5 8 8 5 8 5 8 10 12
8 8 5 5 0 5 8 10 5 8 5 8 15 12 8 8 5 12 8 15 13 10 10 8 13 10 8 13 10 13 15 5
8 15 13 10 13 10 13 10 13 15 17 13 13 15 13 15 17 18 17 0 13 15 15 13 8 20 17 15 17 0 13 15
15 13 8 20 17 15 13 0 13 15 15 13 8 20 17 8 17 15 14 15 17 13 10 8 10 8 6 10 13 10 17 15
15 13 0 9 13 10 16 15 13 15 0 12 8 12 13 15 13 10 13 15 17 15 10 13 15 17 15 0 17 10 8 0
17 10 8 5 8 8 5 8 5 8 10 12 8 8 5 5 0 5 8 10 5 8 5 8 15 12 8 8 5 12 8 15
13 10 10 8 13 10 8 13 10 13 15 5 8 15 13 10 13 10 13 10 13 15 17 13 15 13 13 15 13 15 17 18
17 13 15 15 13 8 20 17 15 17 0 13 15 15 13 8 20 17 15 13 0 13 15 15 13 8 20 17 8 17 15 14
15 17 13 10 8 10 8 6 10 13 10 17 15 15 13 0 9 13 10 16 15 13 15 0 12 8 12 13 15 13 10 13
15 17 15 10 13 15 17 15 0 20 17 13 15 0 13 15 15 13 8 20 17 15 17 0 13 15 15 13 8 20 17 15
13 0 13 15 15 13 8 20 17 8 17 15 14 15 17 13 10 22 20 18 20 18 10 13 10 17 15 15 13 0 9 13
10 16 15 13 17 0 12 8 12 13 15 13 10 13 15 17 15 10 13 15 17 15 0 17 17 10 10 8 8 0 17 17
10 10 8 8 0 17 17 10 10 15 15 0 17 17 10 20 17 17 15 17 15 17 17 10 10 8 8 0 17 17 10 10
8 8 0 17 17 10 10 15 15 0 17 17 10 20 17 20 22 17 15 14 16 16 14 0 18 16 15 16 18 14 11 23
21 19 21 19 11 14 11 18 16 16 14 0 10 14 11 17 16 14 18 0 13 9 13 14 16 14 11 14 16 18 16 11
14 16 18 16 18 11 9 0 18 11 9 0 18 11 16 0 18 18 11 21 18 18 16 16 18 16 18 11 9 0 18 11
9 8 9 6 8 6 8 4 6 6 4 6 9 8 6 8 4 1 0 1 2 1 2 13 11 4 11 9 11 16 13 13
11 13 9 6 6 13 11 9 8 6 9 8 9 6 8 6 8 4 6 6 4 6 9 8 6 8 4 1 0 1 2 1
2 13 11 4 11 9 11 16 13 13 11 13 9 6 6 13 11 9 8 6 13 16 18 16 18 13 11 11 16 13 16 11
9 9 13 11 13 6 11 9 11 16 13 13 13 16 18 16 18 13 11 16 13 16 11 9 9 6 9 13 11 13 6 11
9 11 8 6 6 9 8 9 6 8 6 8 4 6 6 4 6 9 8 6 8 4 1 0 1 2 1 2 13 11 4 11
9 11 16 13 13 11 13 9 6 6 13 11 9 8 6 13 16 18 16 18 13 11 11 16 13 16 11 9 9 13 11 13
6 11 9 11 16 13 13 13 16 18 16 18 13 11 16 13 16 11 9 9 6 9 13 11 13 6 11 9 11 8 6 6
18 16 18 13 11 16 13 16 11 9 13 11 13 6 11 9 11 16 13 13 16 18 16 18 13 11 16 13 16 11 9 9
11 6 8 11 8 15 16 15 16 15 11 6 11 6 8 11 8 15 16 15 16 15 11 6 8 1 4 13 8 13 13 13
11 8 11 8 8 6 4 6 0 11 6 8 11 8 15 16 15 16 15 11 6 11 6 8 11 8 15 16 15 16 15 11
6 8 1 4 13 8 13 13 13 11 8 11 8 8 6 4 6 0 4 8 7 8 8 6 8 8 13 13 8 8 11 13
13 13 13 11 8 9 0 8 11 11 11 11 16 13 11 11 11 16 18 15 15 0 11 13 11 16 18 15 16 18 15 16
18 15 16 18 15 16 16 16 16 11 13 13 13 16 13 20 19 20 20 18 20 20 19 20 20 13 16 15 15 15 15 13
11 11 8 9 11 16 18 15 16 18 15 16 18 15 16 18 15 16 16 16 16 11 13 13 13 16 13 20 19 20 20 18
20 20 19 20 20 13 16 15 15 15 15 13 11 11 0 11 8 8 0 11 6 8 11 8 15 16 15 16 15 11 6 11
6 8 11 8 15 16 15 16 15 11 6 8 1 4 13 8 13 13 13 11 8 11 8 8 6 4 6 0 11 6 8 11
8 15 16 15 16 15 11 6 11 6 8 11 8 15 16 15 16 15 11 6 8 1 4 13 8 13 13 13 11 8 11 8
8 6 4 6 0 4 8 7 8 8 6 8 8 13 13 8 8 11 13 13 13 13 11 8 9 0 8 11 11 11 11 16
13 11 11 11 16 18 15 15 0 11 13 11 16 18 15 16 18 15 16 18 15 16 18 15 16 16 16 16 11 13 13 13
16 13 20 19 20 20 18 20 20 19 20 20 13 16 15 15 15 15 13 11 11 8 9 11 16 18 15 16 18 15 16 18
15 16 18 15 16 16 16 16 11 13 13 13 16 13 20 19 20 20 18 20 20 19 20 20 13 16 15 15 15 15 13 11
11 11 13 11 16 18 16 16 18 16 16 18 16 16 18 16 16 16 16 16 11 13 13 13 16 13 20 19 20 20 18 20
20 19 20 20 13 16 15 15 15 15 13 11 11 8 9 11 16 18 16 16 18 16 16 18 16 16 18 16 16 16 16 16
11 13 13 13 16 13 20 19 20 20 18 20 20 19 20 20 13 16 15 15 15 15 13 11 13 11 11 13 11 16 18 15
16 18 15 16 18 15 16 18 15 16 16 16 16 11 13 13 13 16 13 20 19 20 20 18 20 20 19 20 20 13 16 15
15 15 15 13 11 11 8 9 11 16 18 15 16 18 15 16 18 15 16 18 15 16 16 16 16 11 13 13 13 16 13 20
5 3 1 0 3 5 8 8 8 10 8 0 10 12 13 13 13 13 13 12 10 8 10 10 8 8 8 5 3 1 5 6
5 3 3 5 3 5 3 3 1 1 1 1 3 1 1 5 3 1 0 3 5 8 8 8 10 8 0 10 12 13 13 13
13 13 12 10 8 10 10 8 8 8 5 3 1 5 6 5 3 3 5 3 5 3 3 1 1 1 1 3 1 1 0 10
12 13 13 13 13 12 10 8 8 8 5 3 1 0 13 13 13 13 15 15 13 15 17 15 13 0 13 13 13 13 15 0
8 8 17 15 13 0 13 13 13 13 15 15 15 13 12 13 5 3 1 0 3 5 8 8 8 10 8 0 10 12 13 13
13 13 13 12 10 8 10 10 8 8 8 5 3 1 5 6 5 3 3 5 3 5 3 3 1 1 1 1 3 1 1 0
10 12 13 13 13 13 12 10 8 8 8 5 3 1 0 13 13 13 13 15 15 13 15 17 15 13 0 13 13 13 13 15
0 8 8 17 15 13 0 13 13 13 13 15 15 15 13 12 13 10 10 12 10 12 13 13 13 15 13 15 17 17 15 17
13 0 10 12 13 13 13 13 12 10 8 8 8 5 3 1 0 13 13 13 13 15 15 13 15 17 15 13 0 13 13 13
13 15 0 8 8 17 15 13 0 13 13 13 13 15 15 15 13 12 13 13 13 13 13 15 0 8 8 17 15 13 0 13
5 8 5 10 8 5 3 1 0 10 13 10 10 8 8 5 8 0 10 8 10 13 15 17 12 10 8 5 3 5 0 3
5 8 10 8 5 3 0 5 8 5 10 8 5 3 1 0 10 13 10 10 8 8 5 10 8 0 10 8 10 13 15 17
12 10 8 5 8 15 13 0 3 5 8 10 8 5 3 1 0 8 10 17 8 10 17 13 15 0 17 15 13 8 15 5
8 15 8 13 0 13 15 17 20 22 17 15 0 15 13 15 17 20 17 17 0 15 15 17 15 13 10 13 15 17 10 15
17 13 15 0 17 15 13 8 15 5 8 15 17 17 0 13 10 13 15 17 15 0 13 10 13 15 17 20 17 15 15 13
13 5 8 5 10 8 5 3 1 0 10 13 10 10 8 8 5 8 0 10 8 10 13 15 17 12 10 8 5 3 5 0
3 5 8 10 17 15 0 5 8 5 10 8 5 3 1 0 8 8 10 13 10 10 8 8 5 10 8 0 10 8 10 13
15 17 12 10 8 5 8 15 13 0 15 13 15 17 15 13 10 15 13 0 8 10 17 8 10 17 13 15 0 17 15 13
8 15 5 8 15 8 13 0 13 15 17 20 22 17 15 0 15 13 15 17 20 17 17 0 15 15 17 15 13 10 13 15
17 10 15 17 13 15 0 17 15 13 8 15 5 8 15 17 17 0 13 10 13 15 17 15 0 13 10 13 15 17 20 17
15 15 13 13 15 15 17 15 13 10 13 15 17 10 15 17 20 17 15 0 17 15 13 8 15 5 8 15 17 17 0 13
8 8 10 6 1 1 8 6 8 10 6 0 10 11 10 6 6 8 8 0 10 11 10 6 6 6 8 6 5 8 8 8
10 6 1 1 8 6 8 10 6 0 10 11 10 6 6 8 8 0 10 11 10 11 13 13 1 3 6 8 10 13 10 13
15 17 15 13 10 8 10 13 10 0 10 8 10 8 6 1 0 1 3 6 8 10 13 10 13 15 17 15 13 10 8 10
13 10 0 10 8 10 8 6 1 0 8 8 10 6 0 1 8 6 8 10 6 0 10 11 10 6 6 8 8 0 10 11
10 6 6 6 8 6 5 8 8 10 6 1 1 8 6 8 10 6 0 10 11 10 6 6 8 8 0 10 11 10 11 13
13 1 3 6 8 10 13 10 13 15 17 15 13 10 8 10 13 10 0 10 8 10 8 6 1 0 1 3 6 8 10 13
8 8 8 10 12 8 5 13 15 10 12 8 10 8 6 10 8 5 1 6 5 8 3 5 5 5 13 13 15 13 12 13
15 8 5 13 15 13 12 10 8 10 10 8 10 13 5 3 8 8 8 10 12 8 5 13 15 10 12 8 10 8 6 10
8 5 1 6 5 5 8 3 5 5 5 13 13 15 13 12 15 8 5 13 15 13 12 10 8 10 10 8 10 13 15 8
17 17 18 15 0 10 10 12 15 13 12 10 12 8 0 5 8 13 13 15 13 12 10 8 1 3 5 0 10 10 10 17
15 15 0 17 15 13 13 13 12 13 10 0 8 8 10 17 15 13 0 13 13 13 10 15 8 17 17 17 18 15 0 10
10 12 15 13 12 10 12 8 0 5 8 13 13 15 13 12 10 8 1 3 5 0 10 10 10 17 15 15 0 17 15 13
13 13 12 13 10 0 8 8 10 17 15 13 0 10 13 15 17 15 15 10 15 13 13 8 8 8 10 12 8 5 13 15
10 12 8 10 8 6 10 8 5 1 6 5 5 8 3 5 5 5 13 13 15 13 12 15 8 5 13 15 13 12 10 8
10 10 8 10 13 15 8 17 17 17 18 15 0 10 10 12 15 13 12 10 12 8 0 5 8 13 13 15 13 12 10 8
1 3 5 0 10 10 10 17 15 15 0 17 15 13 13 13 12 13 10 0 8 8 10 17 15 13 0 13 13 13 10 15
8 17 17 17 18 15 0 10 10 12 15 13 12 10 12 8 0 5 8 13 13 15 13 12 10 8 1 3 5 0 10 10
10 17 15 15 0 17 15 13 13 13 12 13 10 0 8 8 10 17 15 13 0 10 13 15 17 15 15 10 15 13 13 0
6 11 8 6 11 8 6 11 8 6 11 8 6 0 8 8 6 0 6 11 8 6 11 8 6 11 8 6 11 8 6 0
8 8 6 3 3 3 1 3 6 8 8 8 6 15 8 8 11 8 0 6 6 15 8 8 11 11 11 8 6 11 0 13
11 0 6 6 8 11 0 11 8 11 11 8 11 8 11 8 6 11 8 11 11 13 11 6 6 8 11 8 11 11 11 11
8 6 11 13 11 0 6 8 11 11 11 6 13 13 6 15 13 10 8 10 10 8 10 6 13 11 8 13 11 6 11 11
8 11 6 13 6 13 0 6 6 15 13 15 15 15 15 16 15 0 6 11 8 11 8 11 6 6 13 6 13 13 10 8
10 8 10 10 6 13 11 10 11 6 4 4 11 11 11 0 6 13 11 10 11 0 6 11 8 6 11 8 6 11 8 6
11 8 6 6 0 8 8 6 0 6 11 8 6 11 8 6 11 8 6 11 8 6 0 8 8 6 3 3 3 1 3 6
6 8 8 8 6 15 8 8 11 8 0 6 6 8 15 8 8 11 8 8 6 11 11 13 11 0 6 8 11 11 8 11
11 8 11 11 8 11 8 11 8 6 11 8 11 11 13 11 6 6 8 11 8 11 11 11 8 6 11 13 11 0 6 8
11 11 11 6 13 13 6 15 13 10 8 10 10 8 10 6 13 11 8 13 11 6 11 11 8 11 6 13 6 13 0 6
6 15 13 15 15 15 15 16 15 13 11 6 11 8 11 8 11 6 6 13 6 13 13 8 10 8 10 10 10 6 13 11
10 11 6 4 4 11 11 11 11 0 6 13 11 10 11 11 0 16 16 16 16 16 16 16 11 15 16 15 13 6 6 15
15 15 15 15 15 15 18 18 15 11 0 16 16 16 16 16 16 16 16 15 15 13 0 6 6 15 15 15 15 15 15 15
18 18 15 11 0 15 16 16 16 16 16 16 16 16 16 16 16 15 13 6 15 15 15 15 15 15 15 18 18 15 11 0
8 9 11 13 0 8 9 11 11 11 6 8 6 6 4 0 8 9 11 11 11 16 15 11 11 9 9 0 13 13 13 13
12 12 0 16 15 13 13 11 11 0 11 13 11 11 4 6 8 11 0 8 9 8 9 13 12 12 13 15 13 13 0 13
15 16 18 16 15 13 13 13 11 0 11 9 8 9 16 15 13 13 12 12 13 15 16 16 13 15 16 16 13 15 16 18
16 16 15 13 13 13 11 0 13 12 13 11 11 9 9 9 1 15 15 15 13 15 13 15 16 16 13 15 16 16 13 15
16 18 16 16 15 13 13 13 11 11 0 8 9 8 9 16 15 12 13 13 8 9 11 13 0 8 9 11 11 11 6 8
6 6 4 0 8 9 11 11 11 16 15 11 11 9 9 0 13 13 13 13 12 12 0 16 15 13 13 11 11 0 11 13
11 11 4 6 8 11 0 8 9 8 9 13 12 12 13 15 13 13 0 13 15 16 18 16 15 13 13 13 11 0 11 9
8 9 16 15 13 13 12 12 13 15 16 16 13 15 16 16 13 15 16 18 16 16 15 13 13 13 11 0 13 12 13 11
11 9 9 9 1 15 15 15 13 15 13 15 16 16 13 15 16 16 13 15 16 18 16 16 15 13 13 13 11 11 0 8
9 8 9 16 15 12 13 13 0 13 15 16 16 16 15 15 15 9 13 13 11 0 15 16 18 18 18 20 18 17 17 0
13 16 16 13 15 16 13 13 15 16 15 0 13 15 16 16 13 15 16 16 13 15 16 18 16 16 15 13 13 13 11 0
13 12 13 11 11 9 9 9 1 15 15 15 13 15 13 15 16 16 13 15 16 16 13 15 16 18 16 16 15 13 13 13
9 9 9 8 6 8 6 4 4 4 6 6 6 4 4 2 2 1 9 9 8 6 8 6 4 4 9 11 13 14 13 11
9 4 9 9 9 8 6 8 6 4 4 4 6 6 6 4 4 2 2 1 4 4 9 9 9 8 6 8 4 9 4 9
11 13 14 13 11 9 11 0 4 9 16 14 13 11 13 13 9 11 0 11 11 16 13 11 11 4 11 13 11 9 9 13
14 16 16 14 13 14 13 9 9 9 8 4 13 11 9 11 13 0 4 16 14 13 11 13 13 14 11 11 11 11 16 13
11 11 4 11 13 11 10 10 13 14 16 16 14 13 14 13 9 9 9 9 4 13 11 9 11 9 9 9 9 8 6 8
6 4 4 4 6 6 6 4 4 2 2 1 4 4 9 9 9 8 6 8 4 9 4 9 11 13 14 13 11 9 11 0
4 9 16 14 13 11 13 13 9 11 0 11 11 16 13 11 11 4 11 13 11 9 9 13 14 16 16 14 13 14 13 9
9 9 8 4 13 11 9 11 13 0 4 16 14 13 11 13 13 14 11 11 11 11 16 13 11 11 4 11 13 11 10 10
13 14 16 16 14 13 14 13 9 9 9 9 4 13 11 9 11 9 0 14 14 14 13 11 13 9 6 6 8 9 6 8
9 9 8 6 6 4 0 14 14 14 13 11 13 9 16 13 13 16 13 14 16 18 16 0 4 9 16 14 13 11 13 13
9 11 0 11 11 16 13 11 11 4 11 13 11 9 9 13 14 16 16 14 13 14 13 9 9 9 8 4 13 11 9 11
13 0 4 16 14 13 11 13 13 14 11 11 11 11 16 13 11 11 4 13 16 18 13 13 14 16 16 14 13 14 13 9
